1781952  ,1,,,,,,00026,2 ,24,2018,7,16,07,0  ,0 ,09,0,   ,  , , , , ,                    ,44,13,37.4000000,-120,47,33.7100000,0 ,  ,CLARS          ,HILTPR         ,1   ,0   ,9,       ,  ,1,0,3,0,0,0,0 ,0 , ,03,B,6,4,1,4,1,099,1,0,   ,   ,   ,08,  ,  , , ,0,0,0,0, ,6,  ,     ,4,10 ,54_2963                       ,                    ,0,2,0,0,1,0,1,0,2,0,0,0,0,0,0,0,0,0,3,3,2,0,1
1781952  ,2,3358474  ,,,1 ,,,,,,,,,,,,,,,,,,,,,,,,,,,,,,,,,,,,,,,,,,,,,,,,,,,,,,,,,,,,,,,,,,,,,,,,,,,,,,,,,,,,,,,,,,,,,,,,,1,0,01,0,0,2,1,7,000,00,  ,  ,   ,   ,   ,0,0,0 ,0 ,1 ,1 ,1
1781952  ,3,3358474  ,3826535  ,1 ,01,1 ,,,,,,,,,,,,,,,,,,,,,,,,,,,,,,,,,,,,,,,,,,,,,,,,,,,,,,,,,,,,,,,,,,,,,,,,,,,,,,,,,,,,,,,,,,,,,,,,,,,,,,,,,,,,,,,,,,,,,,1,0,0,2,00,9,9,9,9,9, , , ,  ,000,001,007,   ,08,  ,  ,   ,   ,   ,  , , ,0
1781952  ,2,3358475  ,,,2 ,,,,,,,,,,,,,,,,,,,,,,,,,,,,,,,,,,,,,,,,,,,,,,,,,,,,,,,,,,,,,,,,,,,,,,,,,,,,,,,,,,,,,,,,,,,,,,,,,1,0,01,0,0,3,7,1,000,00,  ,  ,   ,   ,   ,0,0,2 ,0 ,0 ,2 ,0
1781952  ,3,3358475  ,3826536  ,2 ,02,1 ,,,,,,,,,,,,,,,,,,,,,,,,,,,,,,,,,,,,,,,,,,,,,,,,,,,,,,,,,,,,,,,,,,,,,,,,,,,,,,,,,,,,,,,,,,,,,,,,,,,,,,,,,,,,,,,,,,,,,,1,0,0,1,35,1,1,3,2,0, , , ,  ,000,000,   ,   ,00,  ,  ,   ,   ,   ,  , , ,0
1761933  ,1,,,,,,00046,3 ,9 ,2018,6,20,07,0  ,0 ,07,0,   ,  , , , , ,                    ,44,22,7.6900000,-120,50,43.8100000,0 ,  ,00102A         ,               ,    ,    ,0,3.39   ,55,5,1, ,0,0,0,2 ,  ,0,00,8,9,2,2,1,3,099,1,2,079,010,001,01,  ,  ,0,0,1,0,1,0, ,6,  ,     ,4,10 ,54_3160                       ,                    ,0,1,1,0,0,0,0,0,0,0,0,0,0,0,0,0,0,0,1,1,0,1,0
1761933  ,2,3322467  ,,,1 ,,,,,,,,,,,,,,,,,,,,,,,,,,,,,,,,,,,,,,,,,,,,,,,,,,,,,,,,,,,,,,,,,,,,,,,,,,,,,,,,,,,,,,,,,,,,,,,,,1,0,01,0,0,1,1,5,000,00,  ,  ,079,010,   ,0,0,0 ,1 ,0 ,1 ,1
1761933  ,3,3322467  ,3787784  ,1 ,01,1 ,,,,,,,,,,,,,,,,,,,,,,,,,,,,,,,,,,,,,,,,,,,,,,,,,,,,,,,,,,,,,,,,,,,,,,,,,,,,,,,,,,,,,,,,,,,,,,,,,,,,,,,,,,,,,,,,,,,,,,1,0,0,1,58,1,2,1,0, , , , ,  ,000,047,079,   ,01,  ,  ,001,   ,   ,27,1,0,0
1781392  ,1,,,,,,00117,7 ,4 ,2018,4,00,07,0  ,0 ,07,0,380,  ,1,0,0, ,038000100S00        ,44,10,38.6100000,-120,30,5.8700000,0 ,  ,               ,               ,    ,    ,0,23.06  ,55,7,1, ,0,0,0,2 ,  ,0,01,8,9,2,1,1,3,099,1,1,079,010,128,01,  ,  ,0,0,1,0,1,0, ,5,OR,380  ,4,10 ,293_12831                     ,                    ,0,1,1,0,1,0,1,0,0,0,0,0,0,0,0,0,0,0,2,2,1,1,0
1781392  ,2,3357444  ,,,1 ,,,,,,,,,,,,,,,,,,,,,,,,,,,,,,,,,,,,,,,,,,,,,,,,,,,,,,,,,,,,,,,,,,,,,,,,,,,,,,,,,,,,,,,,,,,,,,,,,1,0,01,0,0,1,3,7,000,00,  ,  ,079,010,128,0,0,1 ,1 ,0 ,2 ,1
1781392  ,3,3357444  ,3825251  ,1 ,01,1 ,,,,,,,,,,,,,,,,,,,,,,,,,,,,,,,,,,,,,,,,,,,,,,,,,,,,,,,,,,,,,,,,,,,,,,,,,,,,,,,,,,,,,,,,,,,,,,,,,,,,,,,,,,,,,,,,,,,,,,1,0,0,1,28,1,1,1,0,1, , , ,  ,000,047,079,   ,01,  ,  ,001,   ,   ,10,1,9,0
1781392  ,3,3357444  ,3825252  ,2 ,01,2 ,,,,,,,,,,,,,,,,,,,,,,,,,,,,,,,,,,,,,,,,,,,,,,,,,,,,,,,,,,,,,,,,,,,,,,,,,,,,,,,,,,,,,,,,,,,,,,,,,,,,,,,,,,,,,,,,,,,,,,2,0,0,1,46, , ,3,2,1, , , ,  ,000,000,   ,   ,00,  ,  ,001,   ,   ,86, , ,0
1781814  ,1,,,,,,00002,1 ,5 ,2018,6,08,07,0  ,0 ,07,0,   ,  , , , , ,                    ,44,17,53.5200000,-120,55,39.9100000,0 ,  ,00103          ,               ,    ,    ,0,1.77   ,55,3,1, ,0,0,0,2 ,  ,0,01,8,9,4,1,4,4,099,1,4,121,010,124,01,  ,  ,0,0,0,0,1,0, ,6,  ,     ,4,10 ,54_973                        ,                    ,0,1,0,0,0,1,1,0,0,0,0,0,0,0,0,0,0,0,1,1,0,0,1
1781814  ,2,3358223  ,,,1 ,,,,,,,,,,,,,,,,,,,,,,,,,,,,,,,,,,,,,,,,,,,,,,,,,,,,,,,,,,,,,,,,,,,,,,,,,,,,,,,,,,,,,,,,,,,,,,,,,1,0,01,0,0,1,7,3,000,00,  ,  ,124,121,010,0,0,0 ,0 ,1 ,1 ,1
1781814  ,3,3358223  ,3826231  ,1 ,01,1 ,,,,,,,,,,,,,,,,,,,,,,,,,,,,,,,,,,,,,,,,,,,,,,,,,,,,,,,,,,,,,,,,,,,,,,,,,,,,,,,,,,,,,,,,,,,,,,,,,,,,,,,,,,,,,,,,,,,,,,1,0,0,1,60,1,2,4,9,9, , , ,  ,017,047,080,081,01,  ,  ,   ,   ,   ,  ,0,0,0
1781822  ,1,,,,,,00005,1 ,6 ,2018,7,13,07,0  ,0 ,07,0,   ,  , , , , ,                    ,44,20,57.5400000,-121,4 ,21.0800000,0 ,  ,00106          ,               ,    ,    ,0,2.03   ,55,5,0, ,0,0,0,2 ,  ,0,03,C,3,4,1,1,1,099,1,2,097,131,124,01,29,  ,0,0,0,0,1,0, ,6,  ,     ,4,10 ,54_359                        ,                    ,0,2,0,1,0,0,1,0,1,0,0,0,0,0,0,0,0,0,2,2,2,0,0
1781822  ,2,3358235  ,,,1 ,,,,,,,,,,,,,,,,,,,,,,,,,,,,,,,,,,,,,,,,,,,,,,,,,,,,,,,,,,,,,,,,,,,,,,,,,,,,,,,,,,,,,,,,,,,,,,,,,1,0,01,0,0,1,5,1,000,00,  ,  ,   ,   ,   ,0,0,1 ,0 ,0 ,1 ,1
1781822  ,3,3358235  ,3826246  ,1 ,01,1 ,,,,,,,,,,,,,,,,,,,,,,,,,,,,,,,,,,,,,,,,,,,,,,,,,,,,,,,,,,,,,,,,,,,,,,,,,,,,,,,,,,,,,,,,,,,,,,,,,,,,,,,,,,,,,,,,,,,,,,1,0,0,1,23,1,1,9,2,0, , , ,  ,000,042,   ,   ,29,  ,  ,131,   ,   ,  ,0,0,0
1781822  ,2,3358236  ,,,2 ,,,,,,,,,,,,,,,,,,,,,,,,,,,,,,,,,,,,,,,,,,,,,,,,,,,,,,,,,,,,,,,,,,,,,,,,,,,,,,,,,,,,,,,,,,,,,,,,,1,0,01,0,0,1,5,1,000,00,  ,  ,097,124,   ,0,0,1 ,0 ,0 ,1 ,0
1781822  ,3,3358236  ,3826247  ,2 ,02,1 ,,,,,,,,,,,,,,,,,,,,,,,,,,,,,,,,,,,,,,,,,,,,,,,,,,,,,,,,,,,,,,,,,,,,,,,,,,,,,,,,,,,,,,,,,,,,,,,,,,,,,,,,,,,,,,,,,,,,,,1,0,0,2,16,1,1,2,2,0, , , ,  ,017,047,   ,   ,01,  ,  ,   ,   ,   ,  ,0,0,0
1781856  ,1,,,,,,00009,1 ,12,2018,6,10,07,0  ,0 ,07,0,380,  ,1,0,0, ,038000100S00        ,44,16,43.9800000,-120,45,37.2100000,0 ,  ,               ,               ,    ,    ,0,4.67   ,55,5,1, ,0,0,0,2 ,  ,0,01,8,9,4,1,0,1,099,1,1,121,035,073,12,  ,  ,0,0,0,0,0,0, ,5,OR,380  ,4,10 ,293_15715                     ,                    ,0,1,0,0,0,2,2,0,0,0,0,0,0,0,0,0,0,0,2,2,2,0,0
1781856  ,2,3358296  ,,,1 ,,,,,,,,,,,,,,,,,,,,,,,,,,,,,,,,,,,,,,,,,,,,,,,,,,,,,,,,,,,,,,,,,,,,,,,,,,,,,,,,,,,,,,,,,,,,,,,,,1,0,01,0,0,1,3,7,007,00,  ,  ,035,062,121,0,0,2 ,0 ,0 ,2 ,1
1781856  ,3,3358296  ,3826325  ,1 ,01,1 ,,,,,,,,,,,,,,,,,,,,,,,,,,,,,,,,,,,,,,,,,,,,,,,,,,,,,,,,,,,,,,,,,,,,,,,,,,,,,,,,,,,,,,,,,,,,,,,,,,,,,,,,,,,,,,,,,,,,,,1,0,0,1,53,2,1,4,2,0, , , ,  ,000,083,081,   ,12,  ,  ,   ,   ,   ,87,0,0,0
1781856  ,3,3358296  ,3826326  ,2 ,01,2 ,,,,,,,,,,,,,,,,,,,,,,,,,,,,,,,,,,,,,,,,,,,,,,,,,,,,,,,,,,,,,,,,,,,,,,,,,,,,,,,,,,,,,,,,,,,,,,,,,,,,,,,,,,,,,,,,,,,,,,2,0,0,1,54, , ,4,2,0, , , ,  ,000,000,   ,   ,00,  ,  ,   ,   ,   ,  ,0,0,0
1781929  ,1,,,,,,00021,2 ,11,2018,1,16,07,0  ,0 ,07,0,   ,  , , , , ,                    ,44,22,39.0500000,-120,54,23.3200000,0 ,  ,00231          ,               ,    ,    ,1,1.02   ,  ,1,0,1,0,0,0,0 ,0 , ,06,B,6,4,2,2,1,004,1,2,   ,   ,   ,01,08,27,0,0,0,0,1,0, ,6,  ,     ,4,10 ,54_2814                       ,                    ,0,2,0,0,0,1,1,0,3,0,0,0,0,0,0,0,0,0,4,4,2,0,2
1781929  ,2,3358432  ,,,1 ,,,,,,,,,,,,,,,,,,,,,,,,,,,,,,,,,,,,,,,,,,,,,,,,,,,,,,,,,,,,,,,,,,,,,,,,,,,,,,,,,,,,,,,,,,,,,,,,,1,0,01,0,0,3,7,1,000,00,  ,  ,   ,   ,   ,0,0,0 ,0 ,2 ,2 ,1
1781929  ,3,3358432  ,3826486  ,1 ,01,1 ,,,,,,,,,,,,,,,,,,,,,,,,,,,,,,,,,,,,,,,,,,,,,,,,,,,,,,,,,,,,,,,,,,,,,,,,,,,,,,,,,,,,,,,,,,,,,,,,,,,,,,,,,,,,,,,,,,,,,,1,0,0,1,18,0,1,9,9,9, , , ,  ,000,047,007,016,01,08,27,   ,   ,   ,  ,0,0,0
1781929  ,2,3358433  ,,,2 ,,,,,,,,,,,,,,,,,,,,,,,,,,,,,,,,,,,,,,,,,,,,,,,,,,,,,,,,,,,,,,,,,,,,,,,,,,,,,,,,,,,,,,,,,,,,,,,,,1,0,01,0,0,6,1,5,011,00,  ,  ,   ,   ,   ,0,0,2 ,0 ,0 ,2 ,0
1781929  ,3,3358433  ,3826487  ,2 ,02,1 ,,,,,,,,,,,,,,,,,,,,,,,,,,,,,,,,,,,,,,,,,,,,,,,,,,,,,,,,,,,,,,,,,,,,,,,,,,,,,,,,,,,,,,,,,,,,,,,,,,,,,,,,,,,,,,,,,,,,,,1,0,0,1,80,1,1,9,2,0, , , ,  ,000,000,   ,   ,00,  ,  ,   ,   ,   ,  ,0,0,0
1781929  ,3,3358433  ,3826488  ,3 ,02,2 ,,,,,,,,,,,,,,,,,,,,,,,,,,,,,,,,,,,,,,,,,,,,,,,,,,,,,,,,,,,,,,,,,,,,,,,,,,,,,,,,,,,,,,,,,,,,,,,,,,,,,,,,,,,,,,,,,,,,,,2,0,0,2,80, , ,4,2,0, , , ,  ,000,000,   ,   ,00,  ,  ,   ,   ,   ,  ,0,0,0
1781983  ,1,,,,,,00030,3 ,2 ,2018,6,18,07,0  ,0 ,07,0,   ,  , , , , ,                    ,44,22,5.3100000,-120,50,47.7100000,0 ,  ,00301          ,               ,    ,    ,0,0.06   ,55,3,1, ,1,0,0,2 ,  ,0,01,8,9,4,2,1,3,099,1,2,079,121,001,10,  ,  ,0,0,0,0,0,0, ,6,  ,     ,4,10 ,54_3161                       ,                    ,0,1,0,0,1,0,1,0,0,0,0,0,0,0,0,0,0,0,1,1,0,1,0
1781983  ,2,3358529  ,,,1 ,,,,,,,,,,,,,,,,,,,,,,,,,,,,,,,,,,,,,,,,,,,,,,,,,,,,,,,,,,,,,,,,,,,,,,,,,,,,,,,,,,,,,,,,,,,,,,,,,1,0,09,0,0,1,5,1,000,00,  ,  ,079,121,   ,0,0,0 ,1 ,0 ,1 ,1
1781983  ,3,3358529  ,3826614  ,1 ,01,1 ,,,,,,,,,,,,,,,,,,,,,,,,,,,,,,,,,,,,,,,,,,,,,,,,,,,,,,,,,,,,,,,,,,,,,,,,,,,,,,,,,,,,,,,,,,,,,,,,,,,,,,,,,,,,,,,,,,,,,,1,0,0,1,18,0,1,3,0, , , , ,  ,000,080,081,   ,10,  ,  ,001,   ,   ,  ,0,0,0
1782001  ,1,,,,,,00031,3 ,2 ,2018,6,16,07,0  ,0 ,07,0,014,  ,1,0,0, ,001400100S00        ,44,13,50.1400000,-120,51,45.9000000,0 ,  ,               ,               ,    ,    ,0,5.37   ,55,5,1, ,0,0,0,2 ,  ,0,06,8,9,4,2,1,1,099,1,1,079,010,   ,01,  ,  ,0,0,0,0,1,0, ,5,OR,27   ,4,10 ,293_434                       ,                    ,0,1,0,0,2,0,2,0,0,0,0,0,0,0,0,0,0,0,2,2,2,0,0
1782001  ,2,3358563  ,,,1 ,,,,,,,,,,,,,,,,,,,,,,,,,,,,,,,,,,,,,,,,,,,,,,,,,,,,,,,,,,,,,,,,,,,,,,,,,,,,,,,,,,,,,,,,,,,,,,,,,1,0,01,0,0,1,5,1,000,00,  ,  ,079,010,   ,0,0,2 ,0 ,0 ,2 ,1
1782001  ,3,3358563  ,3826659  ,1 ,01,1 ,,,,,,,,,,,,,,,,,,,,,,,,,,,,,,,,,,,,,,,,,,,,,,,,,,,,,,,,,,,,,,,,,,,,,,,,,,,,,,,,,,,,,,,,,,,,,,,,,,,,,,,,,,,,,,,,,,,,,,1,0,0,2,29,1,1,3,2,0, , , ,  ,017,047,079,081,01,  ,  ,   ,   ,   ,86,0,0,0
1782001  ,3,3358563  ,3826660  ,2 ,01,2 ,,,,,,,,,,,,,,,,,,,,,,,,,,,,,,,,,,,,,,,,,,,,,,,,,,,,,,,,,,,,,,,,,,,,,,,,,,,,,,,,,,,,,,,,,,,,,,,,,,,,,,,,,,,,,,,,,,,,,,2,0,0,2,86, , ,3,2,0, , , ,  ,000,000,   ,   ,00,  ,  ,   ,   ,   ,  , , ,0
1782076  ,1,,,,,,00037,3 ,11,2018,1,14,07,0  ,0 ,07,0,   ,  , , , , ,                    ,44,11,20.7300000,-120,47,42.4800000,0 ,  ,DAVSL          ,CAYUS          ,1   ,25  ,7,       ,45,5,1, ,0,0,0,2 ,  ,0,01,&,8,4,1,1,1,009,1,2,097,001,   ,01,  ,  ,0,0,0,0,1,0, ,6,  ,     ,4,10 ,54_5401                       ,                    ,0,1,0,0,1,0,1,0,0,0,0,0,0,0,0,0,0,0,1,1,0,0,1
1782076  ,2,3358701  ,,,1 ,,,,,,,,,,,,,,,,,,,,,,,,,,,,,,,,,,,,,,,,,,,,,,,,,,,,,,,,,,,,,,,,,,,,,,,,,,,,,,,,,,,,,,,,,,,,,,,,,1,0,09,0,0,1,3,7,000,00,  ,  ,097,   ,   ,0,0,0 ,0 ,1 ,1 ,1
1782076  ,3,3358701  ,3826824  ,1 ,01,1 ,,,,,,,,,,,,,,,,,,,,,,,,,,,,,,,,,,,,,,,,,,,,,,,,,,,,,,,,,,,,,,,,,,,,,,,,,,,,,,,,,,,,,,,,,,,,,,,,,,,,,,,,,,,,,,,,,,,,,,1,0,0,1,28,3,1,3,9, , , , ,  ,017,047,079,081,01,  ,  ,001,   ,   ,  ,0,0,0
1782198  ,1,,,,,,00045,3 ,24,2018,7,05,07,0  ,0 ,07,0,   ,  , , , , ,                    ,44,12,14.6200000,-120,45,42.8500000,0 ,  ,00214          ,               ,    ,    ,0,6.99   ,45,5,1, ,0,0,0,2 ,  ,0,00,&,8,4,2,4,3,099,1,2,129,   ,   ,01,  ,  ,0,0,0,0,1,0, ,6,  ,     ,4,10 ,54_2571                       ,                    ,0,1,0,0,1,0,1,0,0,0,0,0,0,0,0,0,0,0,1,1,1,0,0
1782198  ,2,3358932  ,,,1 ,,,,,,,,,,,,,,,,,,,,,,,,,,,,,,,,,,,,,,,,,,,,,,,,,,,,,,,,,,,,,,,,,,,,,,,,,,,,,,,,,,,,,,,,,,,,,,,,,1,0,01,0,0,1,0,0,000,00,  ,  ,   ,   ,   ,0,0,1 ,0 ,0 ,1 ,1
1782198  ,3,3358932  ,3827111  ,1 ,01,1 ,,,,,,,,,,,,,,,,,,,,,,,,,,,,,,,,,,,,,,,,,,,,,,,,,,,,,,,,,,,,,,,,,,,,,,,,,,,,,,,,,,,,,,,,,,,,,,,,,,,,,,,,,,,,,,,,,,,,,,1,0,0,2,22,2,1,3,2,9, , , ,  ,000,047,079,081,01,  ,  ,   ,   ,   ,86,0,0,0
1782206  ,1,,,,,,00049,3 ,31,2018,7,19,07,0  ,0 ,07,0,   ,  , , , , ,                    ,44,7 ,31.0500000,-120,55,6.1600000,0 ,  ,00305          ,               ,    ,    ,0,11.23  ,55,5,1, ,0,0,0,2 ,  ,0,00,&,8,4,1,1,5,099,1,2,058,129,   ,30,  ,  ,0,0,0,0,1,0, ,6,  ,     ,4,10 ,54_1743                       ,                    ,0,1,0,0,1,0,1,0,0,0,0,0,0,0,0,0,0,0,1,1,1,0,0
1782206  ,2,3358948  ,,,1 ,,,,,,,,,,,,,,,,,,,,,,,,,,,,,,,,,,,,,,,,,,,,,,,,,,,,,,,,,,,,,,,,,,,,,,,,,,,,,,,,,,,,,,,,,,,,,,,,,1,0,04,0,1,1,0,0,000,00,  ,  ,   ,   ,   ,1,0,1 ,0 ,0 ,1 ,1
1782206  ,3,3358948  ,3827129  ,1 ,01,1 ,,,,,,,,,,,,,,,,,,,,,,,,,,,,,,,,,,,,,,,,,,,,,,,,,,,,,,,,,,,,,,,,,,,,,,,,,,,,,,,,,,,,,,,,,,,,,,,,,,,,,,,,,,,,,,,,,,,,,,1,0,0,1,68,2,4,3,2,9, , , ,  ,000,050,079,081,30,  ,  ,   ,   ,   ,  ,0,0,0
1782226  ,1,,,,,,00055,4 ,20,2018,6,08,07,0  ,0 ,07,0,   ,  , , , , ,                    ,44,14,11.9300000,-120,48,15.5000000,0 ,  ,00214          ,               ,    ,    ,0,3.84   ,55,5,1, ,0,0,0,2 ,  ,0,07,8,9,4,1,1,1,099,1,2,053,010,   ,01,05,  , , ,0,0,1,0, ,6,  ,     ,4,10 ,54_1688                       ,                    ,0,1,0,0,0,1,1,0,1,0,0,0,0,0,0,0,0,0,2,2,2,0,0
1782226  ,2,3358984  ,,,1 ,,,,,,,,,,,,,,,,,,,,,,,,,,,,,,,,,,,,,,,,,,,,,,,,,,,,,,,,,,,,,,,,,,,,,,,,,,,,,,,,,,,,,,,,,,,,,,,,,1,0,01,0,0,1,1,5,000,00,  ,  ,053,010,   ,0,0,2 ,0 ,0 ,2 ,1
1782226  ,3,3358984  ,3827172  ,1 ,01,1 ,,,,,,,,,,,,,,,,,,,,,,,,,,,,,,,,,,,,,,,,,,,,,,,,,,,,,,,,,,,,,,,,,,,,,,,,,,,,,,,,,,,,,,,,,,,,,,,,,,,,,,,,,,,,,,,,,,,,,,1,0,0,1,27,1,1,9,2,1, , , ,  ,000,047,083,081,01,05,  ,   ,   ,   ,  ,0,0,0
1782226  ,3,3358984  ,3827173  ,2 ,01,2 ,,,,,,,,,,,,,,,,,,,,,,,,,,,,,,,,,,,,,,,,,,,,,,,,,,,,,,,,,,,,,,,,,,,,,,,,,,,,,,,,,,,,,,,,,,,,,,,,,,,,,,,,,,,,,,,,,,,,,,2,0,0,1,27, , ,4,2,1, , , ,  ,000,000,   ,   ,00,  ,  ,   ,   ,   ,  ,0,0,0
1782242  ,1,,,,,,00104,6 ,26,2018,3,07,07,0  ,0 ,07,0,   ,  , , , , ,                    ,44,22,35.7500000,-120,51,19.4400000,0 ,  ,00301          ,               ,    ,    ,0,0.90   ,55,2,0, ,0,0,0,2 ,  ,0,03,H,6,4,1,1,1,099,1,2,128,129,   ,02,  ,  ,0,0,0,0,0,0, ,6,  ,     ,4,10 ,54_811                        ,                    ,0,2,0,0,3,0,3,1,1,0,0,0,0,0,0,0,0,0,4,4,3,1,0
1782242  ,2,3359014  ,,,1 ,,,,,,,,,,,,,,,,,,,,,,,,,,,,,,,,,,,,,,,,,,,,,,,,,,,,,,,,,,,,,,,,,,,,,,,,,,,,,,,,,,,,,,,,,,,,,,,,,1,0,01,0,0,1,3,7,000,00,  ,  ,   ,   ,   ,0,0,1 ,0 ,0 ,1 ,1
1782242  ,3,3359014  ,3827206  ,1 ,01,1 ,,,,,,,,,,,,,,,,,,,,,,,,,,,,,,,,,,,,,,,,,,,,,,,,,,,,,,,,,,,,,,,,,,,,,,,,,,,,,,,,,,,,,,,,,,,,,,,,,,,,,,,,,,,,,,,,,,,,,,1,0,0,1,19,1,1,9,2, , , , ,  ,000,000,   ,   ,00,  ,  ,   ,   ,   ,  ,0,0,0
1782242  ,2,3359015  ,,,2 ,,,,,,,,,,,,,,,,,,,,,,,,,,,,,,,,,,,,,,,,,,,,,,,,,,,,,,,,,,,,,,,,,,,,,,,,,,,,,,,,,,,,,,,,,,,,,,,,,1,0,01,0,0,3,7,1,019,00,  ,  ,   ,   ,   ,0,0,2 ,1 ,0 ,3 ,0
1782242  ,3,3359015  ,3827207  ,2 ,02,1 ,,,,,,,,,,,,,,,,,,,,,,,,,,,,,,,,,,,,,,,,,,,,,,,,,,,,,,,,,,,,,,,,,,,,,,,,,,,,,,,,,,,,,,,,,,,,,,,,,,,,,,,,,,,,,,,,,,,,,,1,0,0,2,20,1,1,3,2, , , , ,  ,000,028,004,   ,02,  ,  ,   ,   ,   ,  ,0,0,0
1782242  ,3,3359015  ,3827208  ,3 ,02,2 ,,,,,,,,,,,,,,,,,,,,,,,,,,,,,,,,,,,,,,,,,,,,,,,,,,,,,,,,,,,,,,,,,,,,,,,,,,,,,,,,,,,,,,,,,,,,,,,,,,,,,,,,,,,,,,,,,,,,,,2,0,0,1,05, , ,3,2, , , , ,  ,000,000,   ,   ,00,  ,  ,   ,   ,   ,  , , ,0
1782242  ,3,3359015  ,3827209  ,4 ,02,3 ,,,,,,,,,,,,,,,,,,,,,,,,,,,,,,,,,,,,,,,,,,,,,,,,,,,,,,,,,,,,,,,,,,,,,,,,,,,,,,,,,,,,,,,,,,,,,,,,,,,,,,,,,,,,,,,,,,,,,,2,0,0,1,03, , ,3,0, , , , ,  ,000,000,   ,   ,00,  ,  ,   ,   ,   ,  , , ,0
1782252  ,1,,,,,,00088,6 ,2 ,2018,7,19,07,0  ,0 ,07,0,380,  ,1,0,0, ,038000100S00        ,44,16,44.8400000,-120,45,13.3000000,0 ,  ,               ,               ,    ,    ,0,5.00   ,55,5,1, ,0,0,0,2 ,  ,0,06,8,9,4,1,1,1,000,1,2,079,010,   ,33,  ,  ,0,0,1,0,0,0, ,5,OR,380  ,4,10 ,293_15715                     ,                    ,0,1,0,0,2,0,2,0,0,0,0,0,0,0,0,0,0,0,2,2,2,0,0
1782252  ,2,3359031  ,,,1 ,,,,,,,,,,,,,,,,,,,,,,,,,,,,,,,,,,,,,,,,,,,,,,,,,,,,,,,,,,,,,,,,,,,,,,,,,,,,,,,,,,,,,,,,,,,,,,,,,1,0,01,0,0,1,3,7,000,00,  ,  ,079,010,   ,0,0,2 ,0 ,0 ,2 ,1
1782252  ,3,3359031  ,3827228  ,1 ,01,1 ,,,,,,,,,,,,,,,,,,,,,,,,,,,,,,,,,,,,,,,,,,,,,,,,,,,,,,,,,,,,,,,,,,,,,,,,,,,,,,,,,,,,,,,,,,,,,,,,,,,,,,,,,,,,,,,,,,,,,,1,0,0,2,58,1,1,3,2,0, , , ,  ,000,051,080,081,33,  ,  ,   ,   ,   ,87,1, ,0
1782252  ,3,3359031  ,3827229  ,2 ,01,2 ,,,,,,,,,,,,,,,,,,,,,,,,,,,,,,,,,,,,,,,,,,,,,,,,,,,,,,,,,,,,,,,,,,,,,,,,,,,,,,,,,,,,,,,,,,,,,,,,,,,,,,,,,,,,,,,,,,,,,,2,0,0,1,52, , ,3,2,0, , , ,  ,000,000,   ,   ,00,  ,  ,   ,   ,   ,  ,0,0,0
1782272  ,1,,,,,,00061,5 ,4 ,2018,6,16,07,0  ,0 ,07,0,   ,  , , , , ,                    ,44,20,55.4800000,-121,5 ,59.8600000,0 ,  ,SMITHRK        ,00232          ,1   ,1   ,7,999.99 ,  ,5,1, ,0,0,0,2 ,  ,0,01,8,9,4,2,1,1,099,1,2,121,   ,   ,10,  ,  ,0,0,0,0,0,0, ,6,  ,     ,4,10 ,54_530                        ,                    ,0,1,0,1,0,0,1,0,0,0,0,0,0,0,0,0,0,0,1,1,1,0,0
1782272  ,2,3359071  ,,,1 ,,,,,,,,,,,,,,,,,,,,,,,,,,,,,,,,,,,,,,,,,,,,,,,,,,,,,,,,,,,,,,,,,,,,,,,,,,,,,,,,,,,,,,,,,,,,,,,,,1,0,01,0,0,1,7,3,000,00,  ,  ,121,   ,   ,0,0,1 ,0 ,0 ,1 ,1
1782272  ,3,3359071  ,3827273  ,1 ,01,1 ,,,,,,,,,,,,,,,,,,,,,,,,,,,,,,,,,,,,,,,,,,,,,,,,,,,,,,,,,,,,,,,,,,,,,,,,,,,,,,,,,,,,,,,,,,,,,,,,,,,,,,,,,,,,,,,,,,,,,,1,0,0,1,34,1,2,2,2, , , , ,  ,000,080,081,   ,10,  ,  ,   ,   ,   ,  ,9,9,0
1782287  ,1,,,,,,00067,5 ,10,2018,5,13,07,0  ,0 ,07,0,   ,  , , , , ,                    ,44,16,25.5100000,-120,48,42.2900000,0 ,  ,00214          ,               ,    ,    ,0,1.00   ,55,3,0, ,0,0,0,2 ,  ,0,05,G,2,4,1,1,1,099,1,2,   ,   ,   ,27,05,  ,0,0,0,0,0,0, ,6,  ,     ,4,10 ,54_1842                       ,                    ,0,3,0,1,1,1,3,0,0,0,0,0,0,0,0,0,0,0,3,3,3,0,0
1782287  ,2,3359100  ,,,1 ,,,,,,,,,,,,,,,,,,,,,,,,,,,,,,,,,,,,,,,,,,,,,,,,,,,,,,,,,,,,,,,,,,,,,,,,,,,,,,,,,,,,,,,,,,,,,,,,,1,0,01,0,0,1,1,5,000,00,  ,  ,   ,   ,   ,0,0,1 ,0 ,0 ,1 ,1
1782287  ,3,3359100  ,3827316  ,1 ,01,1 ,,,,,,,,,,,,,,,,,,,,,,,,,,,,,,,,,,,,,,,,,,,,,,,,,,,,,,,,,,,,,,,,,,,,,,,,,,,,,,,,,,,,,,,,,,,,,,,,,,,,,,,,,,,,,,,,,,,,,,1,0,0,2,73,1,1,2,2,1, , , ,  ,038,016,080,   ,27,05,  ,   ,   ,   ,  ,0,0,0
1782287  ,2,3359101  ,,,2 ,,,,,,,,,,,,,,,,,,,,,,,,,,,,,,,,,,,,,,,,,,,,,,,,,,,,,,,,,,,,,,,,,,,,,,,,,,,,,,,,,,,,,,,,,,,,,,,,,1,0,01,0,0,1,5,1,000,00,  ,  ,   ,   ,   ,0,0,1 ,0 ,0 ,1 ,0
1782287  ,3,3359101  ,3827317  ,2 ,02,1 ,,,,,,,,,,,,,,,,,,,,,,,,,,,,,,,,,,,,,,,,,,,,,,,,,,,,,,,,,,,,,,,,,,,,,,,,,,,,,,,,,,,,,,,,,,,,,,,,,,,,,,,,,,,,,,,,,,,,,,1,0,0,1,60,1,1,4,2, , , , ,  ,000,000,   ,   ,00,  ,  ,   ,   ,   ,  ,0,0,0
1782287  ,2,3359102  ,,,3 ,,,,,,,,,,,,,,,,,,,,,,,,,,,,,,,,,,,,,,,,,,,,,,,,,,,,,,,,,,,,,,,,,,,,,,,,,,,,,,,,,,,,,,,,,,,,,,,,,1,0,01,0,0,1,5,1,022,00,  ,  ,   ,   ,   ,0,0,1 ,0 ,0 ,1 ,0
1782287  ,3,3359102  ,3827318  ,3 ,03,1 ,,,,,,,,,,,,,,,,,,,,,,,,,,,,,,,,,,,,,,,,,,,,,,,,,,,,,,,,,,,,,,,,,,,,,,,,,,,,,,,,,,,,,,,,,,,,,,,,,,,,,,,,,,,,,,,,,,,,,,1,0,0,1,68,1,1,3,2,1, , , ,  ,000,000,   ,   ,00,  ,  ,   ,   ,   ,  , , ,0
1782295  ,1,,,,,,00075,5 ,16,2018,4,08,07,0  ,0 ,07,0,   ,  , , , , ,                    ,44,9 ,18.3500000,-121,3 ,24.6100000,0 ,  ,00105          ,               ,    ,    ,0,2.16   ,55,5,1, ,0,0,0,2 ,  ,0,01,8,9,4,3,2,1,000,1,2,079,010,   ,01,  ,  ,0,0,0,0,1,0, ,6,  ,     ,4,10 ,54_5115                       ,                    ,0,1,0,0,0,1,1,0,0,0,0,0,0,0,0,0,0,0,1,1,1,0,0
1782295  ,2,3359115  ,,,1 ,,,,,,,,,,,,,,,,,,,,,,,,,,,,,,,,,,,,,,,,,,,,,,,,,,,,,,,,,,,,,,,,,,,,,,,,,,,,,,,,,,,,,,,,,,,,,,,,,1,0,01,0,0,1,1,5,000,00,  ,  ,079,010,   ,0,0,1 ,0 ,0 ,1 ,1
1782295  ,3,3359115  ,3827336  ,1 ,01,1 ,,,,,,,,,,,,,,,,,,,,,,,,,,,,,,,,,,,,,,,,,,,,,,,,,,,,,,,,,,,,,,,,,,,,,,,,,,,,,,,,,,,,,,,,,,,,,,,,,,,,,,,,,,,,,,,,,,,,,,1,0,0,1,28,3,2,4,2, , , , ,  ,000,047,079,081,01,  ,  ,   ,   ,   ,86,0,0,0
1782309  ,1,,,,,,00080,5 ,25,2018,6,16,07,0  ,0 ,07,0,   ,  , , , , ,                    ,44,7 ,59.1600000,-120,41,54.1600000,0 ,  ,00214          ,               ,    ,    ,0,15.70  ,55,5,1, ,0,0,0,2 ,  ,0,01,8,9,4,2,1,1,000,1,2,079,   ,   ,11,  ,  ,0,0,0,0,0,0, ,6,  ,     ,4,10 ,54_1690                       ,                    ,0,1,0,0,1,0,1,0,0,0,0,0,0,0,0,0,0,0,1,1,0,0,1
1782309  ,2,3359140  ,,,1 ,,,,,,,,,,,,,,,,,,,,,,,,,,,,,,,,,,,,,,,,,,,,,,,,,,,,,,,,,,,,,,,,,,,,,,,,,,,,,,,,,,,,,,,,,,,,,,,,,1,0,01,0,0,1,5,1,000,11,  ,  ,079,   ,   ,0,0,0 ,0 ,1 ,1 ,1
1782309  ,3,3359140  ,3827372  ,1 ,01,1 ,,,,,,,,,,,,,,,,,,,,,,,,,,,,,,,,,,,,,,,,,,,,,,,,,,,,,,,,,,,,,,,,,,,,,,,,,,,,,,,,,,,,,,,,,,,,,,,,,,,,,,,,,,,,,,,,,,,,,,1,0,0,2,57,1,1,3,9, , , , ,  ,000,081,   ,   ,00,  ,  ,   ,   ,   ,  ,9,9,0
1781488  ,1,,,,,,00141,7 ,27,2018,6,15,07,0  ,0 ,06,0,360,  ,1,0,0, ,036000100S00        ,44,24,23.0000000,-120,58,38.4000000,0 ,  ,               ,               ,    ,    ,0,17.00  ,55,7,1, ,0,0,0,2 ,  ,0,01,8,9,2,1,1,1,099,1,1,079,010,001,27,  ,  ,0,0,0,0,0,0, ,5,US,26   ,4,10 ,293_14725                     ,                    ,0,1,1,0,0,0,0,0,0,0,0,0,0,0,0,0,0,0,1,1,0,1,0
1781488  ,2,3357617  ,,,1 ,,,,,,,,,,,,,,,,,,,,,,,,,,,,,,,,,,,,,,,,,,,,,,,,,,,,,,,,,,,,,,,,,,,,,,,,,,,,,,,,,,,,,,,,,,,,,,,,,1,0,01,0,0,1,1,5,000,00,  ,  ,079,010,   ,0,0,0 ,1 ,0 ,1 ,1
1781488  ,3,3357617  ,3825466  ,1 ,01,1 ,,,,,,,,,,,,,,,,,,,,,,,,,,,,,,,,,,,,,,,,,,,,,,,,,,,,,,,,,,,,,,,,,,,,,,,,,,,,,,,,,,,,,,,,,,,,,,,,,,,,,,,,,,,,,,,,,,,,,,1,0,0,1,20,1,1,1,0,0, , , ,  ,038,016,081,   ,27,  ,  ,001,   ,   ,00,9,0,0
1781890  ,1,,,,,,00013,1 ,22,2018,2,05,07,0  ,0 ,06,0,370,  ,1,0,0, ,037000100S00        ,44,20,5.2400000,-121,0 ,25.0600000,0 ,  ,               ,               ,    ,    ,0,9.18   ,55,5,1, ,0,0,0,2 ,  ,0,01,&,8,4,4,4,3,099,1,2,124,079,   ,01,  ,  ,0,0,0,0,1,0, ,5,OR,370  ,4,10 ,293_22695                     ,                    ,0,1,0,0,0,1,1,0,0,0,0,0,0,0,0,0,0,0,1,1,1,0,0
1781890  ,2,3358363  ,,,1 ,,,,,,,,,,,,,,,,,,,,,,,,,,,,,,,,,,,,,,,,,,,,,,,,,,,,,,,,,,,,,,,,,,,,,,,,,,,,,,,,,,,,,,,,,,,,,,,,,1,0,01,0,0,1,7,3,000,00,  ,  ,124,079,   ,0,0,1 ,0 ,0 ,1 ,1
1781890  ,3,3358363  ,3826401  ,1 ,01,1 ,,,,,,,,,,,,,,,,,,,,,,,,,,,,,,,,,,,,,,,,,,,,,,,,,,,,,,,,,,,,,,,,,,,,,,,,,,,,,,,,,,,,,,,,,,,,,,,,,,,,,,,,,,,,,,,,,,,,,,1,0,0,2,21,1,1,4,2,1, , , ,  ,017,047,080,081,01,  ,  ,   ,   ,   ,  ,0,0,0
1781905  ,1,,,,,,00019,2 ,4 ,2018,1,21,07,0  ,0 ,06,0,370,  ,1,0,0, ,037000100S00        ,44,20,3.4100000,-121,1 ,40.4400000,0 ,  ,               ,               ,    ,    ,0,8.14   ,55,3,1, ,0,0,0,2 ,  ,0,06,8,9,4,1,1,3,099,1,1,061,079,096,33,27,  ,0,0,1,0,0,1, ,5,OR,370  ,4,10 ,293_22695                     ,                    ,0,1,0,0,1,0,1,0,0,0,0,0,0,0,0,0,0,0,1,1,1,0,0
1781905  ,2,3358389  ,,,1 ,,,,,,,,,,,,,,,,,,,,,,,,,,,,,,,,,,,,,,,,,,,,,,,,,,,,,,,,,,,,,,,,,,,,,,,,,,,,,,,,,,,,,,,,,,,,,,,,,1,0,01,0,0,1,3,7,000,00,  ,  ,061,096,010,0,1,1 ,0 ,0 ,1 ,1
1781905  ,3,3358389  ,3826431  ,1 ,01,1 ,,,,,,,,,,,,,,,,,,,,,,,,,,,,,,,,,,,,,,,,,,,,,,,,,,,,,,,,,,,,,,,,,,,,,,,,,,,,,,,,,,,,,,,,,,,,,,,,,,,,,,,,,,,,,,,,,,,,,,1,1,0,1,35,3,1,3,2,1, , , ,  ,000,051,016,081,33,27,  ,   ,   ,   ,86,1, ,0
1781961  ,1,,,,,,00027,2 ,26,2018,2,03,07,0  ,0 ,06,0,360,  ,1,0,0, ,036000100S00        ,44,19,56.3200000,-120,53,44.8500000,0 ,  ,               ,               ,    ,    ,0,23.50  ,55,3,1, ,0,0,0,2 ,  ,0,06,&,8,4,1,4,3,099,1,2,079,124,   ,01,  ,  ,0,0,0,0,1,0, ,5,US,26   ,4,10 ,293_17355                     ,                    ,0,1,0,0,0,1,1,0,0,0,0,0,0,0,0,0,0,0,1,1,1,0,0
1781961  ,2,3358491  ,,,1 ,,,,,,,,,,,,,,,,,,,,,,,,,,,,,,,,,,,,,,,,,,,,,,,,,,,,,,,,,,,,,,,,,,,,,,,,,,,,,,,,,,,,,,,,,,,,,,,,,1,0,01,0,0,1,5,1,000,00,  ,  ,124,079,   ,0,0,1 ,0 ,0 ,1 ,1
1781961  ,3,3358491  ,3826559  ,1 ,01,1 ,,,,,,,,,,,,,,,,,,,,,,,,,,,,,,,,,,,,,,,,,,,,,,,,,,,,,,,,,,,,,,,,,,,,,,,,,,,,,,,,,,,,,,,,,,,,,,,,,,,,,,,,,,,,,,,,,,,,,,1,0,0,1,65,1,1,4,2,0, , , ,  ,017,047,080,081,01,  ,  ,   ,   ,   ,  ,0,0,0
1782018  ,1,,,,,,00032,3 ,3 ,2018,7,07,07,0  ,0 ,06,0,   ,  , , , , ,                    ,44,13,10.5000000,-121,2 ,52.8200000,0 ,  ,00364          ,               ,    ,    ,0,1.98   ,55,5,1, ,0,0,0,2 ,  ,0,01,&,8,4,2,4,1,099,1,1,124,   ,   ,01,  ,  ,0,0,0,0,1,0, ,6,  ,     ,4,10 ,54_5330                       ,                    ,0,1,0,0,1,0,1,0,1,0,0,0,0,0,0,0,0,0,2,2,2,0,0
1782018  ,2,3358592  ,,,1 ,,,,,,,,,,,,,,,,,,,,,,,,,,,,,,,,,,,,,,,,,,,,,,,,,,,,,,,,,,,,,,,,,,,,,,,,,,,,,,,,,,,,,,,,,,,,,,,,,1,0,01,0,0,1,5,1,000,00,  ,  ,124,   ,   ,0,0,2 ,0 ,0 ,2 ,1
1782018  ,3,3358592  ,3826695  ,1 ,01,1 ,,,,,,,,,,,,,,,,,,,,,,,,,,,,,,,,,,,,,,,,,,,,,,,,,,,,,,,,,,,,,,,,,,,,,,,,,,,,,,,,,,,,,,,,,,,,,,,,,,,,,,,,,,,,,,,,,,,,,,1,0,0,1,31,1,1,9,2,0, , , ,  ,017,047,079,081,01,  ,  ,   ,   ,   ,86,0,0,0
1782018  ,3,3358592  ,3826696  ,2 ,01,2 ,,,,,,,,,,,,,,,,,,,,,,,,,,,,,,,,,,,,,,,,,,,,,,,,,,,,,,,,,,,,,,,,,,,,,,,,,,,,,,,,,,,,,,,,,,,,,,,,,,,,,,,,,,,,,,,,,,,,,,2,0,0,2,56, , ,3,2,0, , , ,  ,000,000,   ,   ,00,  ,  ,   ,   ,   ,  ,0,0,0
1782299  ,1,,,,,,00077,5 ,12,2018,7,22,07,0  ,0 ,06,0,370,  ,1,0,0, ,037000100S00        ,44,20,23.6000000,-120,58,18.4900000,0 ,  ,               ,               ,    ,    ,0,11.05  ,55,5,1, ,0,0,0,2 ,  ,0,06,8,9,4,1,1,3,099,1,1,121,   ,   ,01,  ,  ,0,0,1,0,1,0, ,5,OR,370  ,4,10 ,293_22695                     ,                    ,0,1,0,0,0,1,1,0,0,0,0,0,0,0,0,0,0,0,1,1,1,0,0
1782299  ,2,3359122  ,,,1 ,,,,,,,,,,,,,,,,,,,,,,,,,,,,,,,,,,,,,,,,,,,,,,,,,,,,,,,,,,,,,,,,,,,,,,,,,,,,,,,,,,,,,,,,,,,,,,,,,1,0,01,0,0,1,7,3,000,00,  ,  ,121,   ,   ,0,0,1 ,0 ,0 ,1 ,1
1782299  ,3,3359122  ,3827345  ,1 ,01,1 ,,,,,,,,,,,,,,,,,,,,,,,,,,,,,,,,,,,,,,,,,,,,,,,,,,,,,,,,,,,,,,,,,,,,,,,,,,,,,,,,,,,,,,,,,,,,,,,,,,,,,,,,,,,,,,,,,,,,,,1,0,0,1,19,1,1,4,2,0, , , ,  ,000,047,079,081,01,  ,  ,   ,   ,   ,06,1, ,0
1782302  ,1,,,,,,00079,5 ,22,2018,3,16,07,0  ,0 ,06,0,360,  ,1,0,0, ,036000100S00        ,44,21,56.4300000,-120,56,0.2900000,0 ,  ,               ,               ,    ,    ,0,20.55  ,55,3,1, ,0,0,0,2 ,  ,0,01,8,9,4,2,1,1,099,1,1,079,   ,   ,01,  ,  ,0,0,0,0,1,0, ,5,US,26   ,4,10 ,293_14726                     ,                    ,0,1,0,0,1,0,1,0,0,0,0,0,0,0,0,0,0,0,1,1,1,0,0
1782302  ,2,3359127  ,,,1 ,,,,,,,,,,,,,,,,,,,,,,,,,,,,,,,,,,,,,,,,,,,,,,,,,,,,,,,,,,,,,,,,,,,,,,,,,,,,,,,,,,,,,,,,,,,,,,,,,1,0,01,0,0,1,1,5,000,00,  ,  ,079,   ,   ,0,0,1 ,0 ,0 ,1 ,1
1782302  ,3,3359127  ,3827355  ,1 ,01,1 ,,,,,,,,,,,,,,,,,,,,,,,,,,,,,,,,,,,,,,,,,,,,,,,,,,,,,,,,,,,,,,,,,,,,,,,,,,,,,,,,,,,,,,,,,,,,,,,,,,,,,,,,,,,,,,,,,,,,,,1,0,0,1,56,1,1,3,2,1, , , ,  ,000,047,080,081,01,  ,  ,   ,   ,   ,86,0,0,0
1781882  ,1,,,,,,00011,1 ,17,2018,4,17,07,0  ,0 ,08,0,   ,  , , , , ,                    ,44,16,46.7400000,-121,1 ,5.0200000,0 ,  ,00206          ,               ,    ,    ,0,2.22   ,55,3,0, ,0,0,0,2 ,  ,0,03,C,3,4,2,1,3,099,1,2,092,085,   ,29,01,  ,0,0,0,0,1,0, ,6,  ,     ,4,10 ,54_955                        ,                    ,0,2,0,0,1,1,2,0,0,0,0,0,0,0,0,0,0,0,2,2,2,0,0
1781882  ,2,3358347  ,,,1 ,,,,,,,,,,,,,,,,,,,,,,,,,,,,,,,,,,,,,,,,,,,,,,,,,,,,,,,,,,,,,,,,,,,,,,,,,,,,,,,,,,,,,,,,,,,,,,,,,1,0,01,0,0,1,5,1,000,00,  ,  ,   ,   ,   ,0,0,1 ,0 ,0 ,1 ,1
1781882  ,3,3358347  ,3826383  ,1 ,01,1 ,,,,,,,,,,,,,,,,,,,,,,,,,,,,,,,,,,,,,,,,,,,,,,,,,,,,,,,,,,,,,,,,,,,,,,,,,,,,,,,,,,,,,,,,,,,,,,,,,,,,,,,,,,,,,,,,,,,,,,1,0,0,1,66,1,2,4,2,1, , , ,  ,000,042,047,   ,29,01,  ,   ,   ,   ,  ,0,0,0
1781882  ,2,3358348  ,,,2 ,,,,,,,,,,,,,,,,,,,,,,,,,,,,,,,,,,,,,,,,,,,,,,,,,,,,,,,,,,,,,,,,,,,,,,,,,,,,,,,,,,,,,,,,,,,,,,,,,1,0,01,0,0,1,5,1,006,00,  ,  ,092,   ,   ,0,0,1 ,0 ,0 ,1 ,0
1781882  ,3,3358348  ,3826384  ,2 ,02,1 ,,,,,,,,,,,,,,,,,,,,,,,,,,,,,,,,,,,,,,,,,,,,,,,,,,,,,,,,,,,,,,,,,,,,,,,,,,,,,,,,,,,,,,,,,,,,,,,,,,,,,,,,,,,,,,,,,,,,,,1,0,0,1,50,1,1,3,2,0, , , ,  ,000,000,   ,   ,00,  ,  ,   ,   ,   ,  ,0,0,0
1782271  ,1,,,,,,00099,6 ,19,2018,3,14,07,0  ,0 ,08,0,   ,  , , , , ,                    ,44,2 ,19.6300000,-120,55,3.6600000,0 ,  ,00305          ,               ,    ,    ,0,17.32  ,55,5,1, ,0,0,0,2 ,  ,0,01,8,9,4,1,1,1,099,1,2,100,   ,   ,10,  ,  ,0,0,0,0,0,0, ,6,  ,     ,4,10 ,54_2871                       ,                    ,0,1,0,0,0,1,1,0,0,0,0,0,0,0,0,0,0,0,1,1,1,0,0
1782271  ,2,3359070  ,,,1 ,,,,,,,,,,,,,,,,,,,,,,,,,,,,,,,,,,,,,,,,,,,,,,,,,,,,,,,,,,,,,,,,,,,,,,,,,,,,,,,,,,,,,,,,,,,,,,,,,1,0,01,0,0,1,0,0,000,00,  ,  ,100,   ,   ,0,0,1 ,0 ,0 ,1 ,1
1782271  ,3,3359070  ,3827272  ,1 ,01,1 ,,,,,,,,,,,,,,,,,,,,,,,,,,,,,,,,,,,,,,,,,,,,,,,,,,,,,,,,,,,,,,,,,,,,,,,,,,,,,,,,,,,,,,,,,,,,,,,,,,,,,,,,,,,,,,,,,,,,,,1,0,0,2,41,1,2,4,2, , , , ,  ,000,081,   ,   ,10,  ,  ,   ,   ,   ,  ,9,9,0
1794060  ,1,,,,,,00052,3 ,18,2018,1,19,07,0  ,0 ,08,0,   ,  , , , , ,                    ,44,2 ,19.6300000,-120,55,3.6600000,0 ,  ,00305          ,               ,    ,    ,0,17.31  ,55,5,0, ,0,0,0,2 ,  ,0,05,G,4,2,3,2,3,099,1,2,087,124,   ,05,  ,  , , ,0,1,0,0, ,6,  ,     ,4,10 ,54_2871                       ,                    ,0,2,3,0,0,1,1,1,0,0,0,0,0,0,0,0,0,0,4,4,2,0,2
1794060  ,2,3381512  ,,,1 ,,,,,,,,,,,,,,,,,,,,,,,,,,,,,,,,,,,,,,,,,,,,,,,,,,,,,,,,,,,,,,,,,,,,,,,,,,,,,,,,,,,,,,,,,,,,,,,,,1,0,04,0,2,1,1,5,000,00,  ,  ,   ,   ,   ,0,0,1 ,0 ,0 ,1 ,1
1794060  ,3,3381512  ,3855530  ,1 ,01,1 ,,,,,,,,,,,,,,,,,,,,,,,,,,,,,,,,,,,,,,,,,,,,,,,,,,,,,,,,,,,,,,,,,,,,,,,,,,,,,,,,,,,,,,,,,,,,,,,,,,,,,,,,,,,,,,,,,,,,,,1,0,0,1,65,1,2,4,2, , , , ,  ,000,000,   ,   ,00,  ,  ,   ,   ,   ,00,0,0,0
1794060  ,2,3381513  ,,,2 ,,,,,,,,,,,,,,,,,,,,,,,,,,,,,,,,,,,,,,,,,,,,,,,,,,,,,,,,,,,,,,,,,,,,,,,,,,,,,,,,,,,,,,,,,,,,,,,,,1,0,01,0,0,1,5,1,001,00,  ,  ,087,124,   ,0,0,1 ,0 ,2 ,3 ,0
1794060  ,3,3381513  ,3855531  ,2 ,02,1 ,,,,,,,,,,,,,,,,,,,,,,,,,,,,,,,,,,,,,,,,,,,,,,,,,,,,,,,,,,,,,,,,,,,,,,,,,,,,,,,,,,,,,,,,,,,,,,,,,,,,,,,,,,,,,,,,,,,,,,1,0,0,1,29,1,1,1,9, , , , ,  ,017,079,   ,   ,05,  ,  ,   ,   ,   ,00,9,1,0
1794060  ,3,3381513  ,3855532  ,3 ,02,2 ,,,,,,,,,,,,,,,,,,,,,,,,,,,,,,,,,,,,,,,,,,,,,,,,,,,,,,,,,,,,,,,,,,,,,,,,,,,,,,,,,,,,,,,,,,,,,,,,,,,,,,,,,,,,,,,,,,,,,,2,0,0,2,36, , ,1,9, , , , ,  ,000,000,   ,   ,00,  ,  ,   ,   ,   ,86,9,9,0
1794060  ,3,3381513  ,3855533  ,4 ,02,3 ,,,,,,,,,,,,,,,,,,,,,,,,,,,,,,,,,,,,,,,,,,,,,,,,,,,,,,,,,,,,,,,,,,,,,,,,,,,,,,,,,,,,,,,,,,,,,,,,,,,,,,,,,,,,,,,,,,,,,,2,0,0,2,02, , ,1,4, , , , ,  ,000,000,   ,   ,00,  ,  ,   ,   ,   ,  , , ,0
1781848  ,1,,,,,,00007,1 ,10,2018,4,15,07,0  ,0 ,02,1,041,  ,1,0,0, ,004100100S00        ,44,14,51.4100000,-121,0 ,30.7100000,0 ,  ,               ,               ,    ,    ,0,8.81   ,55,3,0, ,1,0,0,2 ,  ,0,03,C,3,4,1,1,1,099,1,2,121,   ,   ,07,27,  ,0,0,0,0,0,0, ,5,OR,126  ,4,10 ,293_16933                     ,                    ,0,2,0,0,0,2,2,0,0,0,0,0,0,0,0,0,0,0,2,2,2,0,0
1781848  ,2,3358281  ,,,1 ,,,,,,,,,,,,,,,,,,,,,,,,,,,,,,,,,,,,,,,,,,,,,,,,,,,,,,,,,,,,,,,,,,,,,,,,,,,,,,,,,,,,,,,,,,,,,,,,,1,0,01,0,0,1,7,3,000,00,  ,  ,121,   ,   ,0,0,1 ,0 ,0 ,1 ,1
1781848  ,3,3358281  ,3826304  ,1 ,01,1 ,,,,,,,,,,,,,,,,,,,,,,,,,,,,,,,,,,,,,,,,,,,,,,,,,,,,,,,,,,,,,,,,,,,,,,,,,,,,,,,,,,,,,,,,,,,,,,,,,,,,,,,,,,,,,,,,,,,,,,1,0,0,2,28,1,1,4,2,1, , , ,  ,000,043,016,   ,07,27,  ,   ,   ,   ,  ,0,0,0
1781848  ,2,3358282  ,,,2 ,,,,,,,,,,,,,,,,,,,,,,,,,,,,,,,,,,,,,,,,,,,,,,,,,,,,,,,,,,,,,,,,,,,,,,,,,,,,,,,,,,,,,,,,,,,,,,,,,1,0,01,0,0,1,7,3,006,00,  ,  ,   ,   ,   ,0,0,1 ,0 ,0 ,1 ,0
1781848  ,3,3358282  ,3826305  ,2 ,02,1 ,,,,,,,,,,,,,,,,,,,,,,,,,,,,,,,,,,,,,,,,,,,,,,,,,,,,,,,,,,,,,,,,,,,,,,,,,,,,,,,,,,,,,,,,,,,,,,,,,,,,,,,,,,,,,,,,,,,,,,1,0,0,1,35,1,1,4,2,1, , , ,  ,000,000,   ,   ,00,  ,  ,   ,   ,   ,  ,0,0,0
1781914  ,1,,,,,,00020,2 ,8 ,2018,5,04,07,0  ,0 ,02,1,041,  ,1,0,0, ,004100100S00        ,44,23,53.3900000,-120,30,49.8500000,0 ,  ,               ,               ,    ,    ,0,39.92  ,  ,5,1, ,0,0,0,2 ,  ,0,06,&,8,4,1,1,3,099,1,5,028,021,   ,24,  ,  , , ,0,0,0,0, ,5,US,26   ,4,10 ,293_1250                      ,                    ,0,1,0,0,1,0,1,0,0,0,0,0,0,0,0,0,0,0,1,1,1,0,0
1781914  ,2,3358402  ,,,1 ,,,,,,,,,,,,,,,,,,,,,,,,,,,,,,,,,,,,,,,,,,,,,,,,,,,,,,,,,,,,,,,,,,,,,,,,,,,,,,,,,,,,,,,,,,,,,,,,,1,6,04,0,1,1,3,7,000,24,  ,  ,028,021,   ,0,0,1 ,0 ,0 ,1 ,1
1781914  ,3,3358402  ,3826451  ,1 ,01,1 ,,,,,,,,,,,,,,,,,,,,,,,,,,,,,,,,,,,,,,,,,,,,,,,,,,,,,,,,,,,,,,,,,,,,,,,,,,,,,,,,,,,,,,,,,,,,,,,,,,,,,,,,,,,,,,,,,,,,,,1,0,0,1,58,1,1,3,2,0, , , ,  ,017,080,081,   ,00,  ,  ,   ,   ,   ,  , , ,0
1782201  ,1,,,,,,00047,3 ,27,2018,3,04,07,0  ,0 ,02,1,041,  ,1,0,0, ,004100100S00        ,44,14,54.5100000,-121,2 ,58.1900000,0 ,  ,               ,               ,    ,    ,0,6.77   ,55,3,0, ,0,0,0,2 ,  ,0,04,G,2,4,1,1,3,099,1,2,   ,   ,   ,32,05,  ,0,0,0,0,1,0, ,5,OR,126  ,4,10 ,293_1260                      ,                    ,0,2,0,1,0,0,1,0,1,0,0,0,0,0,0,0,0,0,2,2,2,0,0
1782201  ,2,3358938  ,,,1 ,,,,,,,,,,,,,,,,,,,,,,,,,,,,,,,,,,,,,,,,,,,,,,,,,,,,,,,,,,,,,,,,,,,,,,,,,,,,,,,,,,,,,,,,,,,,,,,,,1,0,01,0,0,1,7,3,000,00,  ,  ,   ,   ,   ,0,0,1 ,0 ,0 ,1 ,1
1782201  ,3,3358938  ,3827119  ,1 ,01,1 ,,,,,,,,,,,,,,,,,,,,,,,,,,,,,,,,,,,,,,,,,,,,,,,,,,,,,,,,,,,,,,,,,,,,,,,,,,,,,,,,,,,,,,,,,,,,,,,,,,,,,,,,,,,,,,,,,,,,,,1,0,0,2,45,0,4,9,2,9, , , ,  ,000,052,039,   ,32,05,  ,   ,   ,   ,  ,0,0,0
1782201  ,2,3358939  ,,,2 ,,,,,,,,,,,,,,,,,,,,,,,,,,,,,,,,,,,,,,,,,,,,,,,,,,,,,,,,,,,,,,,,,,,,,,,,,,,,,,,,,,,,,,,,,,,,,,,,,1,0,01,0,0,1,3,7,000,00,  ,  ,   ,   ,   ,1,0,1 ,0 ,0 ,1 ,0
1782201  ,3,3358939  ,3827120  ,2 ,02,1 ,,,,,,,,,,,,,,,,,,,,,,,,,,,,,,,,,,,,,,,,,,,,,,,,,,,,,,,,,,,,,,,,,,,,,,,,,,,,,,,,,,,,,,,,,,,,,,,,,,,,,,,,,,,,,,,,,,,,,,1,0,0,1,46,0,1,2,2,1, , , ,  ,000,000,   ,   ,00,  ,  ,   ,   ,   ,  ,0,0,0
1782250  ,1,,,,,,00087,6 ,2 ,2018,7,10,07,0  ,0 ,02,1,041,  ,1,0,0, ,004100100S00        ,44,29,54.6100000,-120,23,23.3400000,0 ,  ,               ,               ,    ,    ,0,49.73  ,55,5,1, ,0,0,0,2 ,  ,0,06,8,9,4,1,1,1,099,1,2,079,062,010,16,05,  ,0,0,0,0,0,0, ,5,US,26   ,4,10 ,293_22312                     ,                    ,0,1,0,0,0,1,1,0,0,0,0,0,0,0,0,0,0,0,1,1,1,0,0
1782250  ,2,3359028  ,,,1 ,,,,,,,,,,,,,,,,,,,,,,,,,,,,,,,,,,,,,,,,,,,,,,,,,,,,,,,,,,,,,,,,,,,,,,,,,,,,,,,,,,,,,,,,,,,,,,,,,1,0,01,0,0,1,7,3,000,00,  ,  ,079,062,010,0,0,1 ,0 ,0 ,1 ,1
1782250  ,3,3359028  ,3827224  ,1 ,01,1 ,,,,,,,,,,,,,,,,,,,,,,,,,,,,,,,,,,,,,,,,,,,,,,,,,,,,,,,,,,,,,,,,,,,,,,,,,,,,,,,,,,,,,,,,,,,,,,,,,,,,,,,,,,,,,,,,,,,,,,1,0,0,1,70,1,1,4,2,1, , , ,  ,025,079,081,   ,16,05,  ,   ,   ,   ,  ,0,0,0
1782292  ,1,,,,,,00072,5 ,12,2018,7,18,07,0  ,0 ,02,1,041,  ,1,0,0, ,004100100S00        ,44,25,58.7400000,-120,28,42.8500000,0 ,  ,               ,               ,    ,    ,0,43.09  ,55,5,1, ,0,0,0,2 ,  ,0,01,8,9,4,1,1,1,099,1,1,126,086,010,27,  ,  ,0,0,0,0,0,0, ,5,US,26   ,4,10 ,293_20315                     ,                    ,0,1,0,0,0,1,1,0,0,0,0,0,0,0,0,0,0,0,1,1,1,0,0
1782292  ,2,3359110  ,,,1 ,,,,,,,,,,,,,,,,,,,,,,,,,,,,,,,,,,,,,,,,,,,,,,,,,,,,,,,,,,,,,,,,,,,,,,,,,,,,,,,,,,,,,,,,,,,,,,,,,1,0,01,0,0,1,7,3,000,00,  ,  ,126,086,010,0,0,1 ,0 ,0 ,1 ,1
1782292  ,3,3359110  ,3827329  ,1 ,01,1 ,,,,,,,,,,,,,,,,,,,,,,,,,,,,,,,,,,,,,,,,,,,,,,,,,,,,,,,,,,,,,,,,,,,,,,,,,,,,,,,,,,,,,,,,,,,,,,,,,,,,,,,,,,,,,,,,,,,,,,1,0,0,2,33,1,1,4,2,0, , , ,  ,038,016,079,081,27,  ,  ,   ,   ,   ,86,0,0,0
1782301  ,1,,,,,,00078,5 ,19,2018,7,12,07,0  ,0 ,02,1,041,  ,1,0,0, ,004100100S00        ,44,21,1.8300000,-120,32,48.3400000,0 ,  ,               ,               ,    ,    ,0,35.82  ,55,3,1, ,0,0,0,2 ,  ,0,01,8,9,4,1,1,1,099,1,1,079,010,080,25,  ,  ,0,0,0,0,0,0, ,5,US,26   ,4,10 ,293_20762                     ,                    ,0,2,0,0,0,6,6,0,2,0,0,0,0,0,0,0,0,0,8,8,8,0,0
1782301  ,2,3359125  ,,,1 ,,,,,,,,,,,,,,,,,,,,,,,,,,,,,,,,,,,,,,,,,,,,,,,,,,,,,,,,,,,,,,,,,,,,,,,,,,,,,,,,,,,,,,,,,,,,,,,,,1,0,01,0,0,1,7,3,000,25,  ,  ,079,010,   ,0,0,6 ,0 ,0 ,6 ,1
1782301  ,3,3359125  ,3827348  ,1 ,01,1 ,,,,,,,,,,,,,,,,,,,,,,,,,,,,,,,,,,,,,,,,,,,,,,,,,,,,,,,,,,,,,,,,,,,,,,,,,,,,,,,,,,,,,,,,,,,,,,,,,,,,,,,,,,,,,,,,,,,,,,1,0,0,1,44,1,1,4,2,0, , , ,  ,000,080,081,   ,00,  ,  ,   ,   ,   ,86,0,0,0
1782301  ,3,3359125  ,3827349  ,2 ,01,2 ,,,,,,,,,,,,,,,,,,,,,,,,,,,,,,,,,,,,,,,,,,,,,,,,,,,,,,,,,,,,,,,,,,,,,,,,,,,,,,,,,,,,,,,,,,,,,,,,,,,,,,,,,,,,,,,,,,,,,,2,0,0,2,15, , ,4,2, , , , ,  ,000,000,   ,   ,00,  ,  ,   ,   ,   ,  , , ,0
1782301  ,3,3359125  ,3827350  ,3 ,01,3 ,,,,,,,,,,,,,,,,,,,,,,,,,,,,,,,,,,,,,,,,,,,,,,,,,,,,,,,,,,,,,,,,,,,,,,,,,,,,,,,,,,,,,,,,,,,,,,,,,,,,,,,,,,,,,,,,,,,,,,2,0,0,2,69, , ,4,2,0, , , ,  ,000,000,   ,   ,00,  ,  ,   ,   ,   ,  , , ,0
1782301  ,3,3359125  ,3827351  ,4 ,01,4 ,,,,,,,,,,,,,,,,,,,,,,,,,,,,,,,,,,,,,,,,,,,,,,,,,,,,,,,,,,,,,,,,,,,,,,,,,,,,,,,,,,,,,,,,,,,,,,,,,,,,,,,,,,,,,,,,,,,,,,2,0,0,2,20, , ,4,2, , , , ,  ,000,000,   ,   ,00,  ,  ,   ,   ,   ,  , , ,0
1782301  ,3,3359125  ,3827352  ,5 ,01,5 ,,,,,,,,,,,,,,,,,,,,,,,,,,,,,,,,,,,,,,,,,,,,,,,,,,,,,,,,,,,,,,,,,,,,,,,,,,,,,,,,,,,,,,,,,,,,,,,,,,,,,,,,,,,,,,,,,,,,,,2,0,0,1,20, , ,4,2, , , , ,  ,000,000,   ,   ,00,  ,  ,   ,   ,   ,  , , ,0
1782301  ,3,3359125  ,3827353  ,6 ,01,6 ,,,,,,,,,,,,,,,,,,,,,,,,,,,,,,,,,,,,,,,,,,,,,,,,,,,,,,,,,,,,,,,,,,,,,,,,,,,,,,,,,,,,,,,,,,,,,,,,,,,,,,,,,,,,,,,,,,,,,,2,0,0,1,15, , ,4,2, , , , ,  ,000,000,   ,   ,00,  ,  ,   ,   ,   ,  , , ,0
1782301  ,2,3359126  ,,,2 ,,,,,,,,,,,,,,,,,,,,,,,,,,,,,,,,,,,,,,,,,,,,,,,,,,,,,,,,,,,,,,,,,,,,,,,,,,,,,,,,,,,,,,,,,,,,,,,,,1,0,01,0,0,1,3,7,000,00,  ,  ,080,   ,   ,0,0,2 ,0 ,0 ,2 ,0
1782301  ,3,3359126  ,3827354  ,7 ,02,1 ,,,,,,,,,,,,,,,,,,,,,,,,,,,,,,,,,,,,,,,,,,,,,,,,,,,,,,,,,,,,,,,,,,,,,,,,,,,,,,,,,,,,,,,,,,,,,,,,,,,,,,,,,,,,,,,,,,,,,,1,0,0,1,45,1,2,9,2,0, , , ,  ,000,000,   ,   ,00,  ,  ,   ,   ,   ,  , , ,0
1781973  ,1,,,,,,00029,3 ,1 ,2018,5,13,07,171,59,19,0,   ,  , , , , ,                    ,44,17,56.4000000,-120,51,2.4200000,0 ,  ,00601          ,08503          ,1   ,73  ,1,       ,  ,2,0, ,0,0,0,2 ,  ,0,07,J,-,4,1,1,1,099,1,0,   ,   ,   ,02,  ,  , , ,0,0,0,0, ,3,  ,     ,4,10 ,54_2312                       ,                    ,0,2,0,0,0,1,1,3,4,0,0,0,0,0,0,0,0,0,5,5,5,0,0
1781973  ,2,3358511  ,,,1 ,,,,,,,,,,,,,,,,,,,,,,,,,,,,,,,,,,,,,,,,,,,,,,,,,,,,,,,,,,,,,,,,,,,,,,,,,,,,,,,,,,,,,,,,,,,,,,,,,1,0,01,0,0,5,7,5,018,00,  ,  ,   ,   ,   ,0,0,1 ,0 ,0 ,1 ,1
1781973  ,3,3358511  ,3826583  ,1 ,01,1 ,,,,,,,,,,,,,,,,,,,,,,,,,,,,,,,,,,,,,,,,,,,,,,,,,,,,,,,,,,,,,,,,,,,,,,,,,,,,,,,,,,,,,,,,,,,,,,,,,,,,,,,,,,,,,,,,,,,,,,1,0,0,2,20,1,1,9,2,1, , , ,  ,000,028,011,013,02,  ,  ,   ,   ,   ,  , , ,0
1781973  ,2,3358512  ,,,2 ,,,,,,,,,,,,,,,,,,,,,,,,,,,,,,,,,,,,,,,,,,,,,,,,,,,,,,,,,,,,,,,,,,,,,,,,,,,,,,,,,,,,,,,,,,,,,,,,,1,0,01,0,0,5,3,5,018,00,  ,  ,   ,   ,   ,0,0,4 ,0 ,0 ,4 ,0
1781973  ,3,3358512  ,3826584  ,2 ,02,1 ,,,,,,,,,,,,,,,,,,,,,,,,,,,,,,,,,,,,,,,,,,,,,,,,,,,,,,,,,,,,,,,,,,,,,,,,,,,,,,,,,,,,,,,,,,,,,,,,,,,,,,,,,,,,,,,,,,,,,,1,0,0,2,36,1,1,4,2,0, , , ,  ,000,028,011,013,02,  ,  ,   ,   ,   ,  , , ,0
1781973  ,3,3358512  ,3826585  ,3 ,02,2 ,,,,,,,,,,,,,,,,,,,,,,,,,,,,,,,,,,,,,,,,,,,,,,,,,,,,,,,,,,,,,,,,,,,,,,,,,,,,,,,,,,,,,,,,,,,,,,,,,,,,,,,,,,,,,,,,,,,,,,2,0,0,1,04, , ,9,4,0, , , ,  ,000,000,   ,   ,00,  ,  ,   ,   ,   ,  , , ,0
1781973  ,3,3358512  ,3826586  ,4 ,02,3 ,,,,,,,,,,,,,,,,,,,,,,,,,,,,,,,,,,,,,,,,,,,,,,,,,,,,,,,,,,,,,,,,,,,,,,,,,,,,,,,,,,,,,,,,,,,,,,,,,,,,,,,,,,,,,,,,,,,,,,2,0,0,1,02, , ,9,4,0, , , ,  ,000,000,   ,   ,00,  ,  ,   ,   ,   ,  , , ,0
1781973  ,3,3358512  ,3826587  ,5 ,02,4 ,,,,,,,,,,,,,,,,,,,,,,,,,,,,,,,,,,,,,,,,,,,,,,,,,,,,,,,,,,,,,,,,,,,,,,,,,,,,,,,,,,,,,,,,,,,,,,,,,,,,,,,,,,,,,,,,,,,,,,2,0,0,2,03, , ,9,4,0, , , ,  ,000,000,   ,   ,00,  ,  ,   ,   ,   ,  , , ,0
1782194  ,1,,,,,,00043,3 ,21,2018,4,15,07,171,59,19,0,   ,  , , , , ,                    ,44,18,10.4700000,-120,49,49.1100000,0 ,  ,00105          ,08003          ,1   ,0   ,1,       ,25,1,0,3,0,0,0,0 ,0 , ,06,E,3,4,1,1,1,004,1,3,   ,   ,   ,07,  ,  ,0,0,0,0,0,0, ,3,  ,     ,4,10 ,54_8                          ,                    ,0,2,0,0,0,1,1,0,1,0,0,0,0,0,0,0,0,0,2,2,2,0,0
1782194  ,2,3358925  ,,,1 ,,,,,,,,,,,,,,,,,,,,,,,,,,,,,,,,,,,,,,,,,,,,,,,,,,,,,,,,,,,,,,,,,,,,,,,,,,,,,,,,,,,,,,,,,,,,,,,,,1,0,01,0,0,1,1,5,000,00,  ,  ,   ,   ,   ,0,0,1 ,0 ,0 ,1 ,1
1782194  ,3,3358925  ,3827102  ,1 ,01,1 ,,,,,,,,,,,,,,,,,,,,,,,,,,,,,,,,,,,,,,,,,,,,,,,,,,,,,,,,,,,,,,,,,,,,,,,,,,,,,,,,,,,,,,,,,,,,,,,,,,,,,,,,,,,,,,,,,,,,,,1,0,0,1,54,1,1,9,2,0, , , ,  ,000,043,   ,   ,07,  ,  ,   ,   ,   ,  ,0,0,0
1782194  ,2,3358926  ,,,2 ,,,,,,,,,,,,,,,,,,,,,,,,,,,,,,,,,,,,,,,,,,,,,,,,,,,,,,,,,,,,,,,,,,,,,,,,,,,,,,,,,,,,,,,,,,,,,,,,,1,0,01,0,0,6,1,5,011,00,  ,  ,   ,   ,   ,0,0,1 ,0 ,0 ,1 ,0
1782194  ,3,3358926  ,3827103  ,2 ,02,1 ,,,,,,,,,,,,,,,,,,,,,,,,,,,,,,,,,,,,,,,,,,,,,,,,,,,,,,,,,,,,,,,,,,,,,,,,,,,,,,,,,,,,,,,,,,,,,,,,,,,,,,,,,,,,,,,,,,,,,,1,0,0,2,31,1,1,4,2,0, , , ,  ,000,000,   ,   ,00,  ,  ,   ,   ,   ,  ,0,0,0
1781806  ,1,,,,,,00001,1 ,4 ,2018,5,12,07,171,59,17,0,   ,  , , , , ,                    ,44,18,38.4800000,-120,51,5.8400000,0 ,  ,01401          ,00702          ,1   ,86  ,4,       ,35,2,0, ,0,0,0,2 ,  ,0,08,B,6,4,1,1,1,099,1,3,   ,   ,   ,02,  ,  ,0,0,0,0,0,0, ,3,  ,     ,4,10 ,54_2831                       ,                    ,0,2,0,0,0,1,1,0,2,0,0,0,0,0,0,0,0,0,3,3,3,0,0
1781806  ,2,3358209  ,,,1 ,,,,,,,,,,,,,,,,,,,,,,,,,,,,,,,,,,,,,,,,,,,,,,,,,,,,,,,,,,,,,,,,,,,,,,,,,,,,,,,,,,,,,,,,,,,,,,,,,1,0,01,0,0,1,4,8,000,00,  ,  ,   ,   ,   ,0,0,1 ,0 ,0 ,1 ,1
1781806  ,3,3358209  ,3826213  ,1 ,01,1 ,,,,,,,,,,,,,,,,,,,,,,,,,,,,,,,,,,,,,,,,,,,,,,,,,,,,,,,,,,,,,,,,,,,,,,,,,,,,,,,,,,,,,,,,,,,,,,,,,,,,,,,,,,,,,,,,,,,,,,1,0,0,1,17,1,1,9,2,0, , , ,  ,000,000,   ,   ,00,  ,  ,   ,   ,   ,  ,0,0,0
1781806  ,2,3358210  ,,,2 ,,,,,,,,,,,,,,,,,,,,,,,,,,,,,,,,,,,,,,,,,,,,,,,,,,,,,,,,,,,,,,,,,,,,,,,,,,,,,,,,,,,,,,,,,,,,,,,,,1,0,01,0,0,3,5,8,018,00,  ,  ,   ,   ,   ,0,0,2 ,0 ,0 ,2 ,0
1781806  ,3,3358210  ,3826214  ,2 ,02,1 ,,,,,,,,,,,,,,,,,,,,,,,,,,,,,,,,,,,,,,,,,,,,,,,,,,,,,,,,,,,,,,,,,,,,,,,,,,,,,,,,,,,,,,,,,,,,,,,,,,,,,,,,,,,,,,,,,,,,,,1,0,0,1,70,1,1,9,2,0, , , ,  ,000,028,   ,   ,02,  ,  ,   ,   ,   ,  ,0,0,0
1781806  ,3,3358210  ,3826215  ,3 ,02,2 ,,,,,,,,,,,,,,,,,,,,,,,,,,,,,,,,,,,,,,,,,,,,,,,,,,,,,,,,,,,,,,,,,,,,,,,,,,,,,,,,,,,,,,,,,,,,,,,,,,,,,,,,,,,,,,,,,,,,,,2,0,0,2,60, , ,4,2,0, , , ,  ,000,000,   ,   ,00,  ,  ,   ,   ,   ,  , , ,0
1781933  ,1,,,,,,00024,2 ,23,2018,6,14,07,171,59,17,0,   ,  , , , , ,                    ,44,18,29.5500000,-120,51,2.7200000,0 ,  ,00601          ,08009          ,1   ,0   ,5,       ,  ,1,0,1,0,0,0,0 ,0 , ,06,E,3,4,1,1,1,004,1,0,   ,   ,   ,29,27,  , , ,0,0,0,0, ,3,  ,     ,4,10 ,54_2210                       ,                    ,0,2,0,0,0,1,1,0,1,0,0,0,0,0,0,0,0,0,2,2,1,0,1
1781933  ,2,3358438  ,,,1 ,,,,,,,,,,,,,,,,,,,,,,,,,,,,,,,,,,,,,,,,,,,,,,,,,,,,,,,,,,,,,,,,,,,,,,,,,,,,,,,,,,,,,,,,,,,,,,,,,1,0,01,0,0,1,5,1,000,00,  ,  ,   ,   ,   ,0,0,0 ,0 ,1 ,1 ,1
1781933  ,3,3358438  ,3826493  ,1 ,01,1 ,,,,,,,,,,,,,,,,,,,,,,,,,,,,,,,,,,,,,,,,,,,,,,,,,,,,,,,,,,,,,,,,,,,,,,,,,,,,,,,,,,,,,,,,,,,,,,,,,,,,,,,,,,,,,,,,,,,,,,1,0,0,2,19,1,1,9,9,9, , , ,  ,038,026,016,   ,29,27,  ,   ,   ,   ,  , , ,0
1781933  ,2,3358439  ,,,2 ,,,,,,,,,,,,,,,,,,,,,,,,,,,,,,,,,,,,,,,,,,,,,,,,,,,,,,,,,,,,,,,,,,,,,,,,,,,,,,,,,,,,,,,,,,,,,,,,,1,0,01,0,0,6,5,1,011,00,  ,  ,   ,   ,   ,0,0,1 ,0 ,0 ,1 ,0
1781933  ,3,3358439  ,3826494  ,2 ,02,1 ,,,,,,,,,,,,,,,,,,,,,,,,,,,,,,,,,,,,,,,,,,,,,,,,,,,,,,,,,,,,,,,,,,,,,,,,,,,,,,,,,,,,,,,,,,,,,,,,,,,,,,,,,,,,,,,,,,,,,,1,0,0,2,63,1,1,4,2,0, , , ,  ,000,000,   ,   ,00,  ,  ,   ,   ,   ,  , , ,0
1782047  ,1,,,,,,00036,3 ,10,2018,7,15,07,0  ,59,17,0,   ,  , , , , ,                    ,44,18,18.8500000,-120,48,6.8400000,0 ,  ,00354          ,               ,    ,    ,0,0.07   ,  ,3,1, ,0,0,0,2 ,  ,0,01,8,9,4,1,1,1,099,1,3,079,   ,   ,21,  ,  ,0,0,0,0,0,0, ,9,  ,     ,4,10 ,54_308                        ,                    ,0,1,0,0,1,0,1,0,0,0,0,0,0,0,0,0,0,0,1,1,1,0,0
1782047  ,2,3358646  ,,,1 ,,,,,,,,,,,,,,,,,,,,,,,,,,,,,,,,,,,,,,,,,,,,,,,,,,,,,,,,,,,,,,,,,,,,,,,,,,,,,,,,,,,,,,,,,,,,,,,,,1,0,01,0,0,1,5,1,000,21,  ,  ,079,   ,   ,0,0,1 ,0 ,0 ,1 ,1
1782047  ,3,3358646  ,3826761  ,1 ,01,1 ,,,,,,,,,,,,,,,,,,,,,,,,,,,,,,,,,,,,,,,,,,,,,,,,,,,,,,,,,,,,,,,,,,,,,,,,,,,,,,,,,,,,,,,,,,,,,,,,,,,,,,,,,,,,,,,,,,,,,,1,0,0,2,68,1,1,3,2,1, , , ,  ,017,080,081,   ,00,  ,  ,   ,   ,   ,  ,0,0,0
1782085  ,1,,,,,,00039,3 ,16,2018,6,08,07,171,59,17,0,   ,  , , , , ,                    ,44,17,51.5300000,-120,50,31.8700000,0 ,  ,00701          ,08505          ,1   ,0   ,1,       ,25,1,0,3,0,0,0,0 ,0 , ,05,3,0,4,2,1,1,004,1,3,132,   ,   ,02,40,  ,0,0,0,0,0,0, ,3,  ,     ,4,10 ,54_2484                       ,                    ,0,1,0,0,0,1,1,0,1,1,0,1,0,0,0,0,0,0,1,2,1,0,0
1782085  ,2,3358715  ,,,1 ,,,,,,,,,,,,,,,,,,,,,,,,,,,,,,,,,,,,,,,,,,,,,,,,,,,,,,,,,,,,,,,,,,,,,,,,,,,,,,,,,,,,,,,,,,,,,,,,,1,0,01,0,0,3,7,1,000,00,  ,  ,   ,   ,   ,0,0,1 ,0 ,0 ,1 ,1
1782085  ,3,3358715  ,3826844  ,1 ,01,1 ,,,,,,,,,,,,,,,,,,,,,,,,,,,,,,,,,,,,,,,,,,,,,,,,,,,,,,,,,,,,,,,,,,,,,,,,,,,,,,,,,,,,,,,,,,,,,,,,,,,,,,,,,,,,,,,,,,,,,,1,0,0,2,30,1,1,9,2,0, , , ,  ,000,029,   ,   ,02,40,  ,132,   ,   ,  ,0,0,0
1782085  ,3,0        ,3826845  ,2 ,  ,1 ,,,,,,,,,,,,,,,,,,,,,,,,,,,,,,,,,,,,,,,,,,,,,,,,,,,,,,,,,,,,,,,,,,,,,,,,,,,,,,,,,,,,,,,,,,,,,,,,,,,,,,,,,,,,,,,,,,,,,,3,0,0,1,70, , ,4, , ,1,3,7,03,034,000,   ,   ,00,  ,  ,   ,   ,   ,  ,0,0,0
1782253  ,1,,,,,,00090,6 ,10,2018,1,00,07,0  ,59,17,0,   ,  , , , , ,                    ,44,16,55.3800000,-120,50,25.6100000,0 ,  ,S MAIN         ,OH014          ,1   ,41  ,1,999.99 ,55,5,1, ,0,0,0,2 ,  ,0,07,8,9,4,2,1,3,099,1,2,079,010,093,27,05,  ,0,0,0,0,0,0, ,9,  ,     ,4,10 ,54_493                        ,                    ,0,1,0,0,0,1,1,0,0,0,0,0,0,0,0,0,0,0,1,1,1,0,0
1782253  ,2,3359032  ,,,1 ,,,,,,,,,,,,,,,,,,,,,,,,,,,,,,,,,,,,,,,,,,,,,,,,,,,,,,,,,,,,,,,,,,,,,,,,,,,,,,,,,,,,,,,,,,,,,,,,,1,0,01,0,0,1,1,5,000,00,  ,  ,079,010,   ,0,0,1 ,0 ,0 ,1 ,1
1782253  ,3,3359032  ,3827230  ,1 ,01,1 ,,,,,,,,,,,,,,,,,,,,,,,,,,,,,,,,,,,,,,,,,,,,,,,,,,,,,,,,,,,,,,,,,,,,,,,,,,,,,,,,,,,,,,,,,,,,,,,,,,,,,,,,,,,,,,,,,,,,,,1,0,0,1,19,1,1,4,2, , , , ,  ,038,016,079,081,27,05,  ,093,   ,   ,  ,0,0,0
1782267  ,1,,,,,,00098,6 ,18,2018,2,17,07,171,59,17,0,   ,  , , , , ,                    ,44,18,44.4600000,-120,51,16.1900000,0 ,  ,01401          ,00601          ,1   ,130 ,8,       ,35,3,0, ,0,0,0,2 ,  ,0,08,D,6,4,1,1,1,000,1,3,   ,   ,   ,02,  ,  ,0,0,0,0,0,0, ,3,  ,     ,4,10 ,54_2832                       ,                    ,0,2,0,0,0,1,1,0,2,0,0,0,0,0,0,0,0,0,3,3,3,0,0
1782267  ,2,3359060  ,,,1 ,,,,,,,,,,,,,,,,,,,,,,,,,,,,,,,,,,,,,,,,,,,,,,,,,,,,,,,,,,,,,,,,,,,,,,,,,,,,,,,,,,,,,,,,,,,,,,,,,1,0,01,0,0,3,4,6,051,00,  ,  ,   ,   ,   ,0,0,1 ,0 ,0 ,1 ,1
1782267  ,3,3359060  ,3827262  ,1 ,01,1 ,,,,,,,,,,,,,,,,,,,,,,,,,,,,,,,,,,,,,,,,,,,,,,,,,,,,,,,,,,,,,,,,,,,,,,,,,,,,,,,,,,,,,,,,,,,,,,,,,,,,,,,,,,,,,,,,,,,,,,1,0,0,2,61,1,2,9,2, , , , ,  ,000,028,   ,   ,02,  ,  ,   ,   ,   ,  ,0,0,0
1782267  ,2,3359061  ,,,2 ,,,,,,,,,,,,,,,,,,,,,,,,,,,,,,,,,,,,,,,,,,,,,,,,,,,,,,,,,,,,,,,,,,,,,,,,,,,,,,,,,,,,,,,,,,,,,,,,,1,0,01,0,0,1,4,8,000,00,  ,  ,   ,   ,   ,0,0,2 ,0 ,0 ,2 ,0
1782267  ,3,3359061  ,3827263  ,2 ,02,1 ,,,,,,,,,,,,,,,,,,,,,,,,,,,,,,,,,,,,,,,,,,,,,,,,,,,,,,,,,,,,,,,,,,,,,,,,,,,,,,,,,,,,,,,,,,,,,,,,,,,,,,,,,,,,,,,,,,,,,,1,0,0,2,39,1,1,4,2,0, , , ,  ,000,000,   ,   ,00,  ,  ,   ,   ,   ,  ,0,0,0
1781839  ,1,,,,,,00006,1 ,8 ,2018,2,13,07,171,59,16,0,   ,  , , , , ,                    ,44,18,29.5300000,-120,51,20.2900000,0 ,  ,01002          ,08009          ,1   ,0   ,9,       ,25,1,0,1,0,0,0,0 ,0 , ,04,B,1,4,2,1,1,004,1,3,   ,   ,   ,03,  ,  ,0,0,0,0,0,0, ,3,  ,     ,4,10 ,54_732                        ,                    ,0,2,0,0,0,1,1,0,1,0,0,0,0,0,0,0,0,0,2,2,2,0,0
1781839  ,2,3358264  ,,,1 ,,,,,,,,,,,,,,,,,,,,,,,,,,,,,,,,,,,,,,,,,,,,,,,,,,,,,,,,,,,,,,,,,,,,,,,,,,,,,,,,,,,,,,,,,,,,,,,,,1,0,01,0,0,1,5,1,000,00,  ,  ,   ,   ,   ,0,0,1 ,0 ,0 ,1 ,1
1781839  ,3,3358264  ,3826286  ,1 ,01,1 ,,,,,,,,,,,,,,,,,,,,,,,,,,,,,,,,,,,,,,,,,,,,,,,,,,,,,,,,,,,,,,,,,,,,,,,,,,,,,,,,,,,,,,,,,,,,,,,,,,,,,,,,,,,,,,,,,,,,,,1,0,0,2,84,1,1,4,2,0, , , ,  ,000,021,   ,   ,03,  ,  ,   ,   ,   ,  ,0,0,0
1781839  ,2,3358265  ,,,2 ,,,,,,,,,,,,,,,,,,,,,,,,,,,,,,,,,,,,,,,,,,,,,,,,,,,,,,,,,,,,,,,,,,,,,,,,,,,,,,,,,,,,,,,,,,,,,,,,,1,0,01,0,0,1,7,3,000,00,  ,  ,   ,   ,   ,0,0,1 ,0 ,0 ,1 ,0
1781839  ,3,3358265  ,3826287  ,2 ,02,1 ,,,,,,,,,,,,,,,,,,,,,,,,,,,,,,,,,,,,,,,,,,,,,,,,,,,,,,,,,,,,,,,,,,,,,,,,,,,,,,,,,,,,,,,,,,,,,,,,,,,,,,,,,,,,,,,,,,,,,,1,0,0,1,27,1,1,9,2,0, , , ,  ,000,000,   ,   ,00,  ,  ,   ,   ,   ,  ,0,0,0
1781897  ,1,,,,,,00017,2 ,2 ,2018,6,13,07,171,59,16,0,   ,  , , , , ,                    ,44,18,13.6400000,-120,50,49.5200000,0 ,  ,01502          ,08004          ,1   ,0   ,1,       ,  ,1,0,1,0,0,0,0 ,0 , ,05,3,0,4,1,1,1,004,1,3,008,   ,   ,02,  ,  ,0,0,0,0,0,0, ,3,  ,     ,4,10 ,54_2417                       ,                    ,0,1,0,0,0,1,1,0,1,1,0,1,0,0,0,0,0,0,1,2,1,0,0
1781897  ,2,3358375  ,,,1 ,,,,,,,,,,,,,,,,,,,,,,,,,,,,,,,,,,,,,,,,,,,,,,,,,,,,,,,,,,,,,,,,,,,,,,,,,,,,,,,,,,,,,,,,,,,,,,,,,1,0,01,0,0,3,7,1,000,00,  ,  ,   ,   ,   ,0,0,1 ,0 ,0 ,1 ,1
1781897  ,3,3358375  ,3826414  ,1 ,01,1 ,,,,,,,,,,,,,,,,,,,,,,,,,,,,,,,,,,,,,,,,,,,,,,,,,,,,,,,,,,,,,,,,,,,,,,,,,,,,,,,,,,,,,,,,,,,,,,,,,,,,,,,,,,,,,,,,,,,,,,1,0,0,1,42,1,1,9,2,0, , , ,  ,000,029,   ,   ,02,  ,  ,   ,   ,   ,  ,0,0,0
1781897  ,3,0        ,3826415  ,2 ,  ,1 ,,,,,,,,,,,,,,,,,,,,,,,,,,,,,,,,,,,,,,,,,,,,,,,,,,,,,,,,,,,,,,,,,,,,,,,,,,,,,,,,,,,,,,,,,,,,,,,,,,,,,,,,,,,,,,,,,,,,,,3,0,0,1,23, , ,4, , ,1,7,3,01,034,000,   ,   ,00,  ,  ,008,   ,   ,  , , ,0
1782223  ,1,,,,,,00050,4 ,2 ,2018,2,12,07,171,59,16,0,   ,  , , , , ,                    ,44,18,2.7000000,-120,50,49.5100000,0 ,  ,01502          ,08001          ,1   ,105 ,5,       ,  ,2,0, ,0,0,0,2 ,  ,0,07,B,6,4,1,1,1,000,1,3,084,   ,   ,02,40,  ,0,0,0,0,0,0, ,3,  ,     ,4,10 ,54_656                        ,                    ,0,2,0,0,0,1,1,0,1,0,0,0,0,0,0,0,0,0,2,2,2,0,0
1782223  ,2,3358979  ,,,1 ,,,,,,,,,,,,,,,,,,,,,,,,,,,,,,,,,,,,,,,,,,,,,,,,,,,,,,,,,,,,,,,,,,,,,,,,,,,,,,,,,,,,,,,,,,,,,,,,,1,0,01,0,0,1,1,5,000,00,  ,  ,   ,   ,   ,0,0,1 ,0 ,0 ,1 ,1
1782223  ,3,3358979  ,3827166  ,1 ,01,1 ,,,,,,,,,,,,,,,,,,,,,,,,,,,,,,,,,,,,,,,,,,,,,,,,,,,,,,,,,,,,,,,,,,,,,,,,,,,,,,,,,,,,,,,,,,,,,,,,,,,,,,,,,,,,,,,,,,,,,,1,0,0,1,18,1,1,4,2,0, , , ,  ,000,000,   ,   ,00,  ,  ,   ,   ,   ,  ,0,0,0
1782223  ,2,3358980  ,,,2 ,,,,,,,,,,,,,,,,,,,,,,,,,,,,,,,,,,,,,,,,,,,,,,,,,,,,,,,,,,,,,,,,,,,,,,,,,,,,,,,,,,,,,,,,,,,,,,,,,1,0,01,0,0,3,7,1,018,00,  ,  ,   ,   ,   ,0,0,1 ,0 ,0 ,1 ,0
1782223  ,3,3358980  ,3827167  ,2 ,02,1 ,,,,,,,,,,,,,,,,,,,,,,,,,,,,,,,,,,,,,,,,,,,,,,,,,,,,,,,,,,,,,,,,,,,,,,,,,,,,,,,,,,,,,,,,,,,,,,,,,,,,,,,,,,,,,,,,,,,,,,1,0,0,2,29,3,1,9,2, , , , ,  ,000,028,   ,   ,02,40,  ,084,   ,   ,  ,0,0,0
1782244  ,1,,,,,,00109,6 ,27,2018,4,15,07,171,59,16,0,   ,  , , , , ,                    ,44,18,29.5700000,-120,50,50.9600000,0 ,  ,08009          ,01502          ,1   ,80  ,7,       ,  ,2,1, ,0,0,0,2 ,  ,0,08,8,9,4,1,1,1,000,1,3,091,   ,   ,10,  ,  ,0,0,0,0,0,0, ,3,  ,     ,4,10 ,54_1708                       ,                    ,0,2,0,0,1,0,1,0,1,0,0,0,0,0,0,0,0,0,2,2,1,1,0
1782244  ,2,3359017  ,,,1 ,,,,,,,,,,,,,,,,,,,,,,,,,,,,,,,,,,,,,,,,,,,,,,,,,,,,,,,,,,,,,,,,,,,,,,,,,,,,,,,,,,,,,,,,,,,,,,,,,1,0,01,0,0,5,1,5,018,00,  ,  ,091,   ,   ,0,0,0 ,1 ,0 ,1 ,1
1782244  ,3,3359017  ,3827211  ,1 ,01,1 ,,,,,,,,,,,,,,,,,,,,,,,,,,,,,,,,,,,,,,,,,,,,,,,,,,,,,,,,,,,,,,,,,,,,,,,,,,,,,,,,,,,,,,,,,,,,,,,,,,,,,,,,,,,,,,,,,,,,,,1,0,0,1,83,1,1,3,0, , , , ,  ,000,081,   ,   ,10,  ,  ,   ,   ,   ,  ,0,0,0
1782244  ,2,3359018  ,,,2 ,,,,,,,,,,,,,,,,,,,,,,,,,,,,,,,,,,,,,,,,,,,,,,,,,,,,,,,,,,,,,,,,,,,,,,,,,,,,,,,,,,,,,,,,,,,,,,,,,1,0,01,0,0,7,5,1,032,00,  ,  ,   ,   ,   ,0,0,1 ,0 ,0 ,1 ,0
1782244  ,3,3359018  ,3827212  ,2 ,02,1 ,,,,,,,,,,,,,,,,,,,,,,,,,,,,,,,,,,,,,,,,,,,,,,,,,,,,,,,,,,,,,,,,,,,,,,,,,,,,,,,,,,,,,,,,,,,,,,,,,,,,,,,,,,,,,,,,,,,,,,8,0,0,1,81, , ,9,2, , , , ,  ,000,000,   ,   ,00,  ,  ,   ,   ,   ,  ,0,0,0
1782258  ,1,,,,,,00091,6 ,11,2018,2,15,07,171,59,16,0,   ,  , , , , ,                    ,44,18,29.5300000,-120,51,20.2900000,0 ,  ,01002          ,08009          ,1   ,0   ,3,       ,  ,1,0,1,0,0,0,0 ,0 , ,06,3,0,4,1,1,1,004,1,3,   ,   ,   ,02,  ,  , , ,0,0,0,0, ,3,  ,     ,4,10 ,54_732                        ,                    ,0,1,0,1,0,0,1,0,1,1,0,1,0,0,0,0,0,0,1,2,0,0,1
1782258  ,2,3359042  ,,,1 ,,,,,,,,,,,,,,,,,,,,,,,,,,,,,,,,,,,,,,,,,,,,,,,,,,,,,,,,,,,,,,,,,,,,,,,,,,,,,,,,,,,,,,,,,,,,,,,,,1,0,01,0,0,2,5,3,015,00,  ,  ,   ,   ,   ,0,0,0 ,0 ,1 ,1 ,1
1782258  ,3,3359042  ,3827240  ,1 ,01,1 ,,,,,,,,,,,,,,,,,,,,,,,,,,,,,,,,,,,,,,,,,,,,,,,,,,,,,,,,,,,,,,,,,,,,,,,,,,,,,,,,,,,,,,,,,,,,,,,,,,,,,,,,,,,,,,,,,,,,,,1,0,0,1,30,1,1,9,9, , , , ,  ,000,029,   ,   ,02,  ,  ,   ,   ,   ,  , , ,0
1782258  ,3,0        ,3827241  ,2 ,  ,1 ,,,,,,,,,,,,,,,,,,,,,,,,,,,,,,,,,,,,,,,,,,,,,,,,,,,,,,,,,,,,,,,,,,,,,,,,,,,,,,,,,,,,,,,,,,,,,,,,,,,,,,,,,,,,,,,,,,,,,,4,0,0,1,55, , ,2, , ,1,5,1,01,034,000,   ,   ,00,  ,  ,   ,   ,   ,  , , ,0
1782265  ,1,,,,,,00096,6 ,15,2018,6,09,07,171,59,16,0,   ,  , , , , ,                    ,44,18,52.2300000,-120,50,49.3800000,0 ,  ,01502          ,01506          ,1   ,0   ,9,       ,35,1,0,3,0,0,0,0 ,0 , ,04,H,6,4,1,1,1,004,1,3,013,   ,   ,27,02,  ,0,0,0,0,0,0, ,3,  ,     ,4,10 ,54_243                        ,                    ,0,3,0,0,1,1,2,0,1,0,0,0,0,0,0,0,0,0,3,3,3,0,0
1782265  ,2,3359055  ,,,1 ,,,,,,,,,,,,,,,,,,,,,,,,,,,,,,,,,,,,,,,,,,,,,,,,,,,,,,,,,,,,,,,,,,,,,,,,,,,,,,,,,,,,,,,,,,,,,,,,,1,0,01,0,0,3,1,3,000,00,  ,  ,   ,   ,   ,0,0,1 ,0 ,0 ,1 ,1
1782265  ,3,3359055  ,3827257  ,1 ,01,1 ,,,,,,,,,,,,,,,,,,,,,,,,,,,,,,,,,,,,,,,,,,,,,,,,,,,,,,,,,,,,,,,,,,,,,,,,,,,,,,,,,,,,,,,,,,,,,,,,,,,,,,,,,,,,,,,,,,,,,,1,0,0,1,54,1,1,9,2, , , , ,  ,038,016,028,004,27,02,  ,   ,   ,   ,  ,0,0,0
1782265  ,2,3359056  ,,,2 ,,,,,,,,,,,,,,,,,,,,,,,,,,,,,,,,,,,,,,,,,,,,,,,,,,,,,,,,,,,,,,,,,,,,,,,,,,,,,,,,,,,,,,,,,,,,,,,,,1,0,01,0,0,1,5,1,000,00,  ,  ,013,   ,   ,0,0,1 ,0 ,0 ,1 ,0
1782265  ,3,3359056  ,3827258  ,2 ,02,1 ,,,,,,,,,,,,,,,,,,,,,,,,,,,,,,,,,,,,,,,,,,,,,,,,,,,,,,,,,,,,,,,,,,,,,,,,,,,,,,,,,,,,,,,,,,,,,,,,,,,,,,,,,,,,,,,,,,,,,,1,0,0,2,52,1,1,3,2,0, , , ,  ,000,000,   ,   ,00,  ,  ,   ,   ,   ,  ,0,0,0
1782265  ,2,3359057  ,,,3 ,,,,,,,,,,,,,,,,,,,,,,,,,,,,,,,,,,,,,,,,,,,,,,,,,,,,,,,,,,,,,,,,,,,,,,,,,,,,,,,,,,,,,,,,,,,,,,,,,1,0,01,0,0,6,3,7,022,00,  ,  ,   ,   ,   ,0,0,1 ,0 ,0 ,1 ,0
1782265  ,3,3359057  ,3827259  ,3 ,03,1 ,,,,,,,,,,,,,,,,,,,,,,,,,,,,,,,,,,,,,,,,,,,,,,,,,,,,,,,,,,,,,,,,,,,,,,,,,,,,,,,,,,,,,,,,,,,,,,,,,,,,,,,,,,,,,,,,,,,,,,1,0,0,2,21,1,1,4,2,0, , , ,  ,000,000,   ,   ,00,  ,  ,   ,   ,   ,  , , ,0
1781893  ,1,,,,,,00014,1 ,22,2018,2,06,07,171,59,14,1,041,  ,1,0,0, ,004100100S00        ,44,16,51.0700000,-120,53,49.8800000,0 ,  ,01802          ,00113          ,1   ,    ,7,15.27  ,55,3,0, ,0,0,0,2 ,  ,0,03,G,4,4,2,4,3,099,1,3,124,   ,   ,01,05,  ,0,0,0,0,1,0, ,4,OR,126  ,4,10 ,293_17170                     ,                    ,0,2,0,0,1,1,2,0,0,0,0,0,0,0,0,0,0,0,2,2,2,0,0
1781893  ,2,3358367  ,,,1 ,,,,,,,,,,,,,,,,,,,,,,,,,,,,,,,,,,,,,,,,,,,,,,,,,,,,,,,,,,,,,,,,,,,,,,,,,,,,,,,,,,,,,,,,,,,,,,,,,1,0,01,0,0,1,7,3,000,00,  ,  ,   ,   ,   ,0,0,1 ,0 ,0 ,1 ,1
1781893  ,3,3358367  ,3826406  ,1 ,01,1 ,,,,,,,,,,,,,,,,,,,,,,,,,,,,,,,,,,,,,,,,,,,,,,,,,,,,,,,,,,,,,,,,,,,,,,,,,,,,,,,,,,,,,,,,,,,,,,,,,,,,,,,,,,,,,,,,,,,,,,1,0,0,1,25,1,1,4,2,1, , , ,  ,000,000,   ,   ,00,  ,  ,   ,   ,   ,  ,0,0,0
1781893  ,2,3358368  ,,,2 ,,,,,,,,,,,,,,,,,,,,,,,,,,,,,,,,,,,,,,,,,,,,,,,,,,,,,,,,,,,,,,,,,,,,,,,,,,,,,,,,,,,,,,,,,,,,,,,,,1,0,01,0,0,1,3,7,000,00,  ,  ,124,   ,   ,0,0,1 ,0 ,0 ,1 ,0
1781893  ,3,3358368  ,3826407  ,2 ,02,1 ,,,,,,,,,,,,,,,,,,,,,,,,,,,,,,,,,,,,,,,,,,,,,,,,,,,,,,,,,,,,,,,,,,,,,,,,,,,,,,,,,,,,,,,,,,,,,,,,,,,,,,,,,,,,,,,,,,,,,,1,0,0,2,23,1,1,3,2,1, , , ,  ,017,047,039,   ,01,05,  ,   ,   ,   ,  ,0,0,0
1782024  ,1,,,,,,00172,9 ,6 ,2018,5,10,07,171,59,14,1,041,  ,1,0,0, ,004100100S00        ,44,17,47.0300000,-120,52,26.1000000,0 ,  ,01802          ,02101          ,1   ,    ,7,16.89  ,55,7,1, ,0,0,0,3 ,  ,0,07,8,9,2,1,1,1,000,1,3,126,001,128,27,  ,  ,0,0,0,1,0,0, ,4,OR,126  ,4,10 ,293_18122                     ,                    ,0,1,1,0,0,0,0,0,0,0,0,0,0,0,0,0,0,0,1,1,0,1,0
1782024  ,2,3358602  ,,,1 ,,,,,,,,,,,,,,,,,,,,,,,,,,,,,,,,,,,,,,,,,,,,,,,,,,,,,,,,,,,,,,,,,,,,,,,,,,,,,,,,,,,,,,,,,,,,,,,,,1,0,09,0,0,1,3,7,000,00,  ,  ,126,128,   ,0,0,0 ,1 ,0 ,1 ,1
1782024  ,3,3358602  ,3826707  ,1 ,01,1 ,,,,,,,,,,,,,,,,,,,,,,,,,,,,,,,,,,,,,,,,,,,,,,,,,,,,,,,,,,,,,,,,,,,,,,,,,,,,,,,,,,,,,,,,,,,,,,,,,,,,,,,,,,,,,,,,,,,,,,1,0,0,1,47,1,1,1,0, , , , ,  ,038,016,081,   ,27,  ,  ,001,   ,   ,00,0,1,0
1782027  ,1,,,,,,00034,3 ,9 ,2018,6,16,07,0  ,59,14,1,041,  ,2,0,0, ,004100200S00        ,44,18,9.4100000,-120,51,39.5600000,0 ,  ,               ,               ,    ,    ,5,18.06  ,25,1,1, ,0,0,0,0 ,0 , ,06,8,9,4,1,1,1,099,1,2,040,053,129,01,08,  ,0,0,1,0,1,0, ,8,OR,126  ,4,10 ,293_6851                      ,                    ,0,1,0,0,1,0,1,0,0,0,0,0,0,0,0,0,0,0,1,1,1,0,0
1782027  ,2,3358608  ,,,1 ,,,,,,,,,,,,,,,,,,,,,,,,,,,,,,,,,,,,,,,,,,,,,,,,,,,,,,,,,,,,,,,,,,,,,,,,,,,,,,,,,,,,,,,,,,,,,,,,,1,0,01,0,0,2,7,5,000,00,  ,  ,040,053,   ,0,0,1 ,0 ,0 ,1 ,1
1782027  ,3,3358608  ,3826713  ,1 ,01,1 ,,,,,,,,,,,,,,,,,,,,,,,,,,,,,,,,,,,,,,,,,,,,,,,,,,,,,,,,,,,,,,,,,,,,,,,,,,,,,,,,,,,,,,,,,,,,,,,,,,,,,,,,,,,,,,,,,,,,,,1,0,0,1,73,1,1,3,2,9, , , ,  ,000,047,001,081,01,08,  ,   ,   ,   ,  ,1, ,0
1782037  ,1,,,,,,00035,3 ,9 ,2018,6,21,07,171,59,14,1,041,  ,1,1,0, ,004100100S00        ,44,18,10.4500000,-120,51,2.7100000,0 ,  ,00601          ,08003          ,1   ,    ,3,18.55  ,  ,1,0,1,0,0,0,0 ,0 , ,06,E,3,4,1,1,2,001,1,0,116,   ,   ,29,27,  , , ,0,0,0,0, ,4,US,26   ,4,10 ,293_10950                     ,                    ,0,2,0,0,1,1,2,0,0,0,0,0,0,0,0,0,0,0,2,2,2,0,0
1782037  ,2,3358624  ,,,1 ,,,,,,,,,,,,,,,,,,,,,,,,,,,,,,,,,,,,,,,,,,,,,,,,,,,,,,,,,,,,,,,,,,,,,,,,,,,,,,,,,,,,,,,,,,,,,,,,,1,0,01,0,0,1,3,7,000,00,  ,  ,   ,   ,   ,0,0,1 ,0 ,0 ,1 ,1
1782037  ,3,3358624  ,3826734  ,1 ,01,1 ,,,,,,,,,,,,,,,,,,,,,,,,,,,,,,,,,,,,,,,,,,,,,,,,,,,,,,,,,,,,,,,,,,,,,,,,,,,,,,,,,,,,,,,,,,,,,,,,,,,,,,,,,,,,,,,,,,,,,,1,0,0,2,28,1,2,3,2,1, , , ,  ,038,026,016,   ,29,27,  ,   ,   ,   ,  , , ,0
1782037  ,2,3358625  ,,,2 ,,,,,,,,,,,,,,,,,,,,,,,,,,,,,,,,,,,,,,,,,,,,,,,,,,,,,,,,,,,,,,,,,,,,,,,,,,,,,,,,,,,,,,,,,,,,,,,,,1,0,01,0,0,6,3,7,011,00,  ,  ,   ,   ,   ,0,0,1 ,0 ,0 ,1 ,0
1782037  ,3,3358625  ,3826735  ,2 ,02,1 ,,,,,,,,,,,,,,,,,,,,,,,,,,,,,,,,,,,,,,,,,,,,,,,,,,,,,,,,,,,,,,,,,,,,,,,,,,,,,,,,,,,,,,,,,,,,,,,,,,,,,,,,,,,,,,,,,,,,,,1,0,0,1,29,1,1,4,2,0, , , ,  ,000,000,   ,   ,00,  ,  ,   ,   ,   ,  , , ,0
1782090  ,1,,,,,,00042,3 ,20,2018,3,19,07,171,59,14,1,041,  ,1,0,0, ,004100100S00        ,44,18,10.4500000,-120,51,2.7100000,0 ,  ,00601          ,08003          ,1   ,    ,9,18.55  ,25,1,0,1,0,0,0,0 ,0 , ,02,B,1,4,1,1,2,001,1,3,   ,   ,   ,04,  ,  , , ,0,0,0,0, ,4,US,26   ,4,10 ,293_10950                     ,                    ,0,2,0,0,0,1,1,0,2,0,0,0,0,0,0,0,0,0,3,3,3,0,0
1782090  ,2,3358726  ,,,1 ,,,,,,,,,,,,,,,,,,,,,,,,,,,,,,,,,,,,,,,,,,,,,,,,,,,,,,,,,,,,,,,,,,,,,,,,,,,,,,,,,,,,,,,,,,,,,,,,,1,0,01,0,0,1,3,7,000,00,  ,  ,   ,   ,   ,0,0,2 ,0 ,0 ,2 ,1
1782090  ,3,3358726  ,3826859  ,1 ,01,1 ,,,,,,,,,,,,,,,,,,,,,,,,,,,,,,,,,,,,,,,,,,,,,,,,,,,,,,,,,,,,,,,,,,,,,,,,,,,,,,,,,,,,,,,,,,,,,,,,,,,,,,,,,,,,,,,,,,,,,,1,0,0,1,17,1,1,9,2,0, , , ,  ,000,000,   ,   ,00,  ,  ,   ,   ,   ,  ,0,0,0
1782090  ,2,3358727  ,,,2 ,,,,,,,,,,,,,,,,,,,,,,,,,,,,,,,,,,,,,,,,,,,,,,,,,,,,,,,,,,,,,,,,,,,,,,,,,,,,,,,,,,,,,,,,,,,,,,,,,1,0,01,0,0,1,5,1,000,00,  ,  ,   ,   ,   ,0,0,1 ,0 ,0 ,1 ,0
1782090  ,3,3358727  ,3826860  ,2 ,02,1 ,,,,,,,,,,,,,,,,,,,,,,,,,,,,,,,,,,,,,,,,,,,,,,,,,,,,,,,,,,,,,,,,,,,,,,,,,,,,,,,,,,,,,,,,,,,,,,,,,,,,,,,,,,,,,,,,,,,,,,1,0,0,1,48,1,1,4,2,1, , , ,  ,000,020,   ,   ,04,  ,  ,   ,   ,   ,  ,0,0,0
1782236  ,1,,,,,,00100,6 ,23,2018,7,12,07,171,59,14,1,041,  ,1,0,0, ,004100100S00        ,44,18,10.4500000,-120,50,40.7000000,0 ,  ,00405          ,08003          ,1   ,    ,3,18.86  ,20,1,0,1,0,0,0,0 ,0 , ,06,E,3,4,1,1,1,004,1,3,   ,   ,   ,07,  ,  ,0,0,0,0,0,0, ,4,US,26   ,4,10 ,293_10951                     ,                    ,0,2,0,0,1,1,2,0,0,0,0,0,0,0,0,0,0,0,2,2,2,0,0
1782236  ,2,3359003  ,,,1 ,,,,,,,,,,,,,,,,,,,,,,,,,,,,,,,,,,,,,,,,,,,,,,,,,,,,,,,,,,,,,,,,,,,,,,,,,,,,,,,,,,,,,,,,,,,,,,,,,1,0,01,0,0,1,7,3,000,00,  ,  ,   ,   ,   ,0,0,1 ,0 ,0 ,1 ,1
1782236  ,3,3359003  ,3827190  ,1 ,01,1 ,,,,,,,,,,,,,,,,,,,,,,,,,,,,,,,,,,,,,,,,,,,,,,,,,,,,,,,,,,,,,,,,,,,,,,,,,,,,,,,,,,,,,,,,,,,,,,,,,,,,,,,,,,,,,,,,,,,,,,1,0,0,1,72,1,1,3,2, , , , ,  ,000,043,   ,   ,07,  ,  ,   ,   ,   ,  ,0,0,0
1782236  ,2,3359004  ,,,2 ,,,,,,,,,,,,,,,,,,,,,,,,,,,,,,,,,,,,,,,,,,,,,,,,,,,,,,,,,,,,,,,,,,,,,,,,,,,,,,,,,,,,,,,,,,,,,,,,,1,0,01,0,0,6,7,3,011,00,  ,  ,   ,   ,   ,0,0,1 ,0 ,0 ,1 ,0
1782236  ,3,3359004  ,3827191  ,2 ,02,1 ,,,,,,,,,,,,,,,,,,,,,,,,,,,,,,,,,,,,,,,,,,,,,,,,,,,,,,,,,,,,,,,,,,,,,,,,,,,,,,,,,,,,,,,,,,,,,,,,,,,,,,,,,,,,,,,,,,,,,,1,0,0,2,55,1,1,4,2,0, , , ,  ,000,000,   ,   ,00,  ,  ,   ,   ,   ,  ,0,0,0
1782248  ,1,,,,,,00086,6 ,1 ,2018,6,07,07,171,59,14,1,041,  ,1,0,0, ,004100100S00        ,44,18,5.1200000,-120,51,44.0900000,0 ,  ,01802          ,01803          ,1   ,    ,9,17.92  ,45,1,0,3,0,0,0,0 ,0 , ,03,B,6,4,1,1,1,004,1,3,   ,   ,   ,02,  ,  , , ,0,0,0,0, ,4,OR,126  ,4,10 ,293_1258                      ,                    ,0,2,0,0,1,1,2,0,0,0,0,0,0,0,0,0,0,0,2,2,2,0,0
1782248  ,2,3359025  ,,,1 ,,,,,,,,,,,,,,,,,,,,,,,,,,,,,,,,,,,,,,,,,,,,,,,,,,,,,,,,,,,,,,,,,,,,,,,,,,,,,,,,,,,,,,,,,,,,,,,,,1,0,01,0,0,3,8,1,015,00,  ,  ,   ,   ,   ,0,0,1 ,0 ,0 ,1 ,1
1782248  ,3,3359025  ,3827220  ,1 ,01,1 ,,,,,,,,,,,,,,,,,,,,,,,,,,,,,,,,,,,,,,,,,,,,,,,,,,,,,,,,,,,,,,,,,,,,,,,,,,,,,,,,,,,,,,,,,,,,,,,,,,,,,,,,,,,,,,,,,,,,,,1,0,0,1,41,1,1,4,2,1, , , ,  ,000,028,   ,   ,02,  ,  ,   ,   ,   ,  , , ,0
1782248  ,2,3359026  ,,,2 ,,,,,,,,,,,,,,,,,,,,,,,,,,,,,,,,,,,,,,,,,,,,,,,,,,,,,,,,,,,,,,,,,,,,,,,,,,,,,,,,,,,,,,,,,,,,,,,,,1,0,01,0,0,1,1,5,000,00,  ,  ,   ,   ,   ,0,0,1 ,0 ,0 ,1 ,0
1782248  ,3,3359026  ,3827221  ,2 ,02,1 ,,,,,,,,,,,,,,,,,,,,,,,,,,,,,,,,,,,,,,,,,,,,,,,,,,,,,,,,,,,,,,,,,,,,,,,,,,,,,,,,,,,,,,,,,,,,,,,,,,,,,,,,,,,,,,,,,,,,,,1,0,0,1,39,1,1,3,2,1, , , ,  ,000,000,   ,   ,00,  ,  ,   ,   ,   ,  , , ,0
1782274  ,1,,,,,,00062,5 ,6 ,2018,1,17,07,171,59,14,1,041,  ,1,0,0, ,004100100S00        ,44,18,10.4200000,-120,50,3.4100000,0 ,  ,01301          ,08003          ,1   ,    ,3,19.38  ,30,1,0,3,0,0,0,0 ,0 , ,06,E,3,4,1,1,1,004,1,3,   ,   ,   ,29,  ,  , , ,0,0,0,0, ,4,US,26   ,4,10 ,293_18534                     ,                    ,0,2,0,0,1,1,2,0,1,0,0,0,0,0,0,0,0,0,3,3,3,0,0
1782274  ,2,3359075  ,,,1 ,,,,,,,,,,,,,,,,,,,,,,,,,,,,,,,,,,,,,,,,,,,,,,,,,,,,,,,,,,,,,,,,,,,,,,,,,,,,,,,,,,,,,,,,,,,,,,,,,1,0,01,0,0,1,3,7,000,00,  ,  ,   ,   ,   ,0,0,1 ,0 ,0 ,1 ,1
1782274  ,3,3359075  ,3827279  ,1 ,01,1 ,,,,,,,,,,,,,,,,,,,,,,,,,,,,,,,,,,,,,,,,,,,,,,,,,,,,,,,,,,,,,,,,,,,,,,,,,,,,,,,,,,,,,,,,,,,,,,,,,,,,,,,,,,,,,,,,,,,,,,1,0,0,2,20,1,1,4,2,1, , , ,  ,000,026,   ,   ,29,  ,  ,   ,   ,   ,  ,0,0,0
1782274  ,2,3359076  ,,,2 ,,,,,,,,,,,,,,,,,,,,,,,,,,,,,,,,,,,,,,,,,,,,,,,,,,,,,,,,,,,,,,,,,,,,,,,,,,,,,,,,,,,,,,,,,,,,,,,,,1,0,01,0,0,6,3,7,011,00,  ,  ,   ,   ,   ,0,0,2 ,0 ,0 ,2 ,0
1782274  ,3,3359076  ,3827280  ,2 ,02,1 ,,,,,,,,,,,,,,,,,,,,,,,,,,,,,,,,,,,,,,,,,,,,,,,,,,,,,,,,,,,,,,,,,,,,,,,,,,,,,,,,,,,,,,,,,,,,,,,,,,,,,,,,,,,,,,,,,,,,,,1,0,0,1,48,1,1,9,2, , , , ,  ,000,000,   ,   ,00,  ,  ,   ,   ,   ,  ,0,0,0
1782274  ,3,3359076  ,3827281  ,3 ,02,2 ,,,,,,,,,,,,,,,,,,,,,,,,,,,,,,,,,,,,,,,,,,,,,,,,,,,,,,,,,,,,,,,,,,,,,,,,,,,,,,,,,,,,,,,,,,,,,,,,,,,,,,,,,,,,,,,,,,,,,,2,0,0,2,48, , ,3,2, , , , ,  ,000,000,   ,   ,00,  ,  ,   ,   ,   ,  , , ,0
1782284  ,1,,,,,,00065,5 ,10,2018,5,16,07,171,59,14,1,041,  ,1,0,0, ,004100100S00        ,44,18,10.4200000,-120,50,3.4100000,0 ,  ,01301          ,08003          ,1   ,    ,3,19.38  ,30,1,0,3,0,0,0,0 ,0 , ,06,E,3,4,1,1,1,004,1,3,   ,   ,   ,33,29,  ,0,0,1,0,0,0, ,4,US,26   ,4,10 ,293_18534                     ,                    ,0,2,0,0,1,1,2,0,0,0,0,0,0,0,0,0,0,0,2,2,1,0,1
1782284  ,2,3359094  ,,,1 ,,,,,,,,,,,,,,,,,,,,,,,,,,,,,,,,,,,,,,,,,,,,,,,,,,,,,,,,,,,,,,,,,,,,,,,,,,,,,,,,,,,,,,,,,,,,,,,,,1,0,01,0,0,1,3,7,000,00,  ,  ,   ,   ,   ,0,0,0 ,0 ,1 ,1 ,1
1782284  ,3,3359094  ,3827309  ,1 ,01,1 ,,,,,,,,,,,,,,,,,,,,,,,,,,,,,,,,,,,,,,,,,,,,,,,,,,,,,,,,,,,,,,,,,,,,,,,,,,,,,,,,,,,,,,,,,,,,,,,,,,,,,,,,,,,,,,,,,,,,,,1,0,0,2,34,1,2,3,9,1, , , ,  ,000,051,026,   ,33,29,  ,   ,   ,   ,08,1, ,0
1782284  ,2,3359095  ,,,2 ,,,,,,,,,,,,,,,,,,,,,,,,,,,,,,,,,,,,,,,,,,,,,,,,,,,,,,,,,,,,,,,,,,,,,,,,,,,,,,,,,,,,,,,,,,,,,,,,,1,0,01,0,0,6,3,7,011,00,  ,  ,   ,   ,   ,0,0,1 ,0 ,0 ,1 ,0
1782284  ,3,3359095  ,3827310  ,2 ,02,1 ,,,,,,,,,,,,,,,,,,,,,,,,,,,,,,,,,,,,,,,,,,,,,,,,,,,,,,,,,,,,,,,,,,,,,,,,,,,,,,,,,,,,,,,,,,,,,,,,,,,,,,,,,,,,,,,,,,,,,,1,0,0,2,38,1,2,4,2, , , , ,  ,000,000,   ,   ,00,  ,  ,   ,   ,   ,  ,0,0,0
1782286  ,1,,,,,,00066,5 ,10,2018,5,12,07,171,59,14,1,041,  ,1,0,0, ,004100100S00        ,44,18,5.1200000,-120,51,44.0900000,0 ,  ,01802          ,01803          ,1   ,    ,9,17.92  ,45,1,0,3,0,0,0,0 ,0 , ,03,B,6,4,1,1,1,004,1,1,   ,   ,   ,02,  ,  ,0,0,0,0,0,0, ,4,OR,126  ,4,10 ,293_1258                      ,                    ,0,2,0,0,1,0,1,0,1,0,0,0,0,0,0,0,0,0,2,2,2,0,0
1782286  ,2,3359098  ,,,1 ,,,,,,,,,,,,,,,,,,,,,,,,,,,,,,,,,,,,,,,,,,,,,,,,,,,,,,,,,,,,,,,,,,,,,,,,,,,,,,,,,,,,,,,,,,,,,,,,,1,0,01,0,0,1,1,5,000,00,  ,  ,   ,   ,   ,0,0,1 ,0 ,0 ,1 ,1
1782286  ,3,3359098  ,3827314  ,1 ,01,1 ,,,,,,,,,,,,,,,,,,,,,,,,,,,,,,,,,,,,,,,,,,,,,,,,,,,,,,,,,,,,,,,,,,,,,,,,,,,,,,,,,,,,,,,,,,,,,,,,,,,,,,,,,,,,,,,,,,,,,,1,0,0,1,43,1,1,9,2,0, , , ,  ,000,000,   ,   ,00,  ,  ,   ,   ,   ,86,0,0,0
1782286  ,2,3359099  ,,,2 ,,,,,,,,,,,,,,,,,,,,,,,,,,,,,,,,,,,,,,,,,,,,,,,,,,,,,,,,,,,,,,,,,,,,,,,,,,,,,,,,,,,,,,,,,,,,,,,,,1,0,01,0,0,3,8,1,015,00,  ,  ,   ,   ,   ,0,0,1 ,0 ,0 ,1 ,0
1782286  ,3,3359099  ,3827315  ,2 ,02,1 ,,,,,,,,,,,,,,,,,,,,,,,,,,,,,,,,,,,,,,,,,,,,,,,,,,,,,,,,,,,,,,,,,,,,,,,,,,,,,,,,,,,,,,,,,,,,,,,,,,,,,,,,,,,,,,,,,,,,,,1,0,0,2,33,1,2,3,2,1, , , ,  ,000,028,   ,   ,02,  ,  ,   ,   ,   ,86,0,0,0
1782289  ,1,,,,,,00071,5 ,12,2018,7,11,07,171,59,14,1,041,  ,1,0,0, ,004100100S00        ,44,18,10.4100000,-120,49,37.0900000,0 ,  ,00404          ,08003          ,1   ,    ,9,19.75  ,30,1,0,1,0,0,0,0 ,0 , ,01,H,6,4,1,1,1,001,1,3,   ,   ,   ,02,  ,  ,0,0,0,0,0,0, ,4,US,26   ,4,10 ,293_10952                     ,                    ,0,2,0,0,1,1,2,0,1,0,0,0,0,0,0,0,0,0,3,3,3,0,0
1782289  ,2,3359105  ,,,1 ,,,,,,,,,,,,,,,,,,,,,,,,,,,,,,,,,,,,,,,,,,,,,,,,,,,,,,,,,,,,,,,,,,,,,,,,,,,,,,,,,,,,,,,,,,,,,,,,,1,0,09,0,0,1,1,5,000,00,  ,  ,   ,   ,   ,0,0,2 ,0 ,0 ,2 ,1
1782289  ,3,3359105  ,3827323  ,1 ,01,1 ,,,,,,,,,,,,,,,,,,,,,,,,,,,,,,,,,,,,,,,,,,,,,,,,,,,,,,,,,,,,,,,,,,,,,,,,,,,,,,,,,,,,,,,,,,,,,,,,,,,,,,,,,,,,,,,,,,,,,,1,0,0,1,68,1,2,3,6, , , , ,  ,000,000,   ,   ,00,  ,  ,   ,   ,   ,  ,0,0,0
1782289  ,3,3359105  ,3827324  ,2 ,01,2 ,,,,,,,,,,,,,,,,,,,,,,,,,,,,,,,,,,,,,,,,,,,,,,,,,,,,,,,,,,,,,,,,,,,,,,,,,,,,,,,,,,,,,,,,,,,,,,,,,,,,,,,,,,,,,,,,,,,,,,2,0,0,2,62, , ,4,6, , , , ,  ,000,000,   ,   ,00,  ,  ,   ,   ,   ,  ,0,0,0
1782289  ,2,3359106  ,,,2 ,,,,,,,,,,,,,,,,,,,,,,,,,,,,,,,,,,,,,,,,,,,,,,,,,,,,,,,,,,,,,,,,,,,,,,,,,,,,,,,,,,,,,,,,,,,,,,,,,1,0,01,0,0,3,5,7,000,00,  ,  ,   ,   ,   ,0,0,1 ,0 ,0 ,1 ,0
1782289  ,3,3359106  ,3827325  ,3 ,02,1 ,,,,,,,,,,,,,,,,,,,,,,,,,,,,,,,,,,,,,,,,,,,,,,,,,,,,,,,,,,,,,,,,,,,,,,,,,,,,,,,,,,,,,,,,,,,,,,,,,,,,,,,,,,,,,,,,,,,,,,1,0,0,2,67,1,1,9,2,0, , , ,  ,000,028,004,   ,02,  ,  ,   ,   ,   ,  ,0,0,0
1782294  ,1,,,,,,00073,5 ,15,2018,3,16,07,0  ,59,14,1,041,  ,2,0,0, ,004100200S00        ,44,18,11.9000000,-120,51,34.8500000,0 ,  ,               ,               ,    ,    ,9,18.14  ,30,1,0,1,0,0,0,0 ,0 , ,01,B,1,4,2,1,1,004,1,1,   ,   ,   ,03,  ,  ,0,0,0,0,0,0, ,8,OR,126  ,4,10 ,293_6890                      ,                    ,0,2,0,0,1,3,4,1,0,0,0,0,0,0,0,0,0,0,4,4,4,0,0
1782294  ,2,3359113  ,,,1 ,,,,,,,,,,,,,,,,,,,,,,,,,,,,,,,,,,,,,,,,,,,,,,,,,,,,,,,,,,,,,,,,,,,,,,,,,,,,,,,,,,,,,,,,,,,,,,,,,1,0,01,0,0,1,1,5,000,00,  ,  ,   ,   ,   ,0,0,1 ,0 ,0 ,1 ,1
1782294  ,3,3359113  ,3827332  ,1 ,01,1 ,,,,,,,,,,,,,,,,,,,,,,,,,,,,,,,,,,,,,,,,,,,,,,,,,,,,,,,,,,,,,,,,,,,,,,,,,,,,,,,,,,,,,,,,,,,,,,,,,,,,,,,,,,,,,,,,,,,,,,1,0,0,2,56,1,1,3,2,1, , , ,  ,000,021,   ,   ,03,  ,  ,   ,   ,   ,86,0,0,0
1782294  ,2,3359114  ,,,2 ,,,,,,,,,,,,,,,,,,,,,,,,,,,,,,,,,,,,,,,,,,,,,,,,,,,,,,,,,,,,,,,,,,,,,,,,,,,,,,,,,,,,,,,,,,,,,,,,,1,0,01,0,0,1,3,7,000,00,  ,  ,   ,   ,   ,0,0,3 ,0 ,0 ,3 ,0
1782294  ,3,3359114  ,3827333  ,2 ,02,1 ,,,,,,,,,,,,,,,,,,,,,,,,,,,,,,,,,,,,,,,,,,,,,,,,,,,,,,,,,,,,,,,,,,,,,,,,,,,,,,,,,,,,,,,,,,,,,,,,,,,,,,,,,,,,,,,,,,,,,,1,0,0,2,32,1,1,4,2,0, , , ,  ,000,000,   ,   ,00,  ,  ,   ,   ,   ,86,0,0,0
1782294  ,3,3359114  ,3827334  ,3 ,02,2 ,,,,,,,,,,,,,,,,,,,,,,,,,,,,,,,,,,,,,,,,,,,,,,,,,,,,,,,,,,,,,,,,,,,,,,,,,,,,,,,,,,,,,,,,,,,,,,,,,,,,,,,,,,,,,,,,,,,,,,2,0,0,2,12, , ,4,2,0, , , ,  ,000,000,   ,   ,00,  ,  ,   ,   ,   ,  , , ,0
1782294  ,3,3359114  ,3827335  ,4 ,02,3 ,,,,,,,,,,,,,,,,,,,,,,,,,,,,,,,,,,,,,,,,,,,,,,,,,,,,,,,,,,,,,,,,,,,,,,,,,,,,,,,,,,,,,,,,,,,,,,,,,,,,,,,,,,,,,,,,,,,,,,2,0,0,1,04, , ,4,4,0, , , ,  ,000,000,   ,   ,00,  ,  ,   ,   ,   ,  , , ,0
1782310  ,1,,,,,,00082,5 ,28,2018,2,16,07,171,59,14,1,041,  ,1,0,0, ,004100100S00        ,44,18,10.4400000,-120,50,45.1200000,0 ,  ,00203          ,08003          ,1   ,    ,3,18.80  ,20,1,0,1,0,0,0,0 ,0 , ,06,E,3,4,1,1,1,099,1,0,   ,   ,   ,29,  ,  , , ,0,0,0,0, ,4,US,26   ,4,10 ,293_10951                     ,                    ,0,2,0,0,0,1,1,0,3,0,0,0,0,0,0,0,0,0,4,4,3,0,1
1782310  ,2,3359141  ,,,1 ,,,,,,,,,,,,,,,,,,,,,,,,,,,,,,,,,,,,,,,,,,,,,,,,,,,,,,,,,,,,,,,,,,,,,,,,,,,,,,,,,,,,,,,,,,,,,,,,,1,0,01,0,0,1,3,7,000,00,  ,  ,   ,   ,   ,0,0,0 ,0 ,1 ,1 ,1
1782310  ,3,3359141  ,3827373  ,1 ,01,1 ,,,,,,,,,,,,,,,,,,,,,,,,,,,,,,,,,,,,,,,,,,,,,,,,,,,,,,,,,,,,,,,,,,,,,,,,,,,,,,,,,,,,,,,,,,,,,,,,,,,,,,,,,,,,,,,,,,,,,,1,0,0,2,18,1,1,9,9, , , , ,  ,000,026,   ,   ,29,  ,  ,   ,   ,   ,  , , ,0
1782310  ,2,3359142  ,,,2 ,,,,,,,,,,,,,,,,,,,,,,,,,,,,,,,,,,,,,,,,,,,,,,,,,,,,,,,,,,,,,,,,,,,,,,,,,,,,,,,,,,,,,,,,,,,,,,,,,1,0,01,0,0,6,3,7,011,00,  ,  ,   ,   ,   ,0,0,3 ,0 ,0 ,3 ,0
1782310  ,3,3359142  ,3827374  ,2 ,02,1 ,,,,,,,,,,,,,,,,,,,,,,,,,,,,,,,,,,,,,,,,,,,,,,,,,,,,,,,,,,,,,,,,,,,,,,,,,,,,,,,,,,,,,,,,,,,,,,,,,,,,,,,,,,,,,,,,,,,,,,1,0,0,2,37,1,1,4,2, , , , ,  ,000,000,   ,   ,00,  ,  ,   ,   ,   ,  , , ,0
1782314  ,1,,,,,,00083,5 ,29,2018,3,12,07,171,59,14,1,041,  ,1,0,0, ,004100100S00        ,44,18,10.4600000,-120,50,53.8600000,0 ,  ,00202          ,08003          ,1   ,    ,3,18.68  ,20,1,0,1,0,0,0,0 ,0 , ,06,E,3,4,1,1,1,004,1,3,   ,   ,   ,29,  ,  , , ,0,0,0,0, ,4,US,26   ,4,10 ,293_12283                     ,                    ,0,2,0,0,0,1,1,0,1,0,0,0,0,0,0,0,0,0,2,2,2,0,0
1782314  ,2,3359147  ,,,1 ,,,,,,,,,,,,,,,,,,,,,,,,,,,,,,,,,,,,,,,,,,,,,,,,,,,,,,,,,,,,,,,,,,,,,,,,,,,,,,,,,,,,,,,,,,,,,,,,,1,0,01,0,0,1,3,7,000,00,  ,  ,   ,   ,   ,0,0,1 ,0 ,0 ,1 ,1
1782314  ,3,3359147  ,3827383  ,1 ,01,1 ,,,,,,,,,,,,,,,,,,,,,,,,,,,,,,,,,,,,,,,,,,,,,,,,,,,,,,,,,,,,,,,,,,,,,,,,,,,,,,,,,,,,,,,,,,,,,,,,,,,,,,,,,,,,,,,,,,,,,,1,0,0,1,20,1,2,9,2,0, , , ,  ,000,026,   ,   ,29,  ,  ,   ,   ,   ,  ,0,0,0
1782314  ,2,3359148  ,,,2 ,,,,,,,,,,,,,,,,,,,,,,,,,,,,,,,,,,,,,,,,,,,,,,,,,,,,,,,,,,,,,,,,,,,,,,,,,,,,,,,,,,,,,,,,,,,,,,,,,1,0,01,0,0,6,3,7,011,00,  ,  ,   ,   ,   ,0,0,1 ,0 ,0 ,1 ,0
1782314  ,3,3359148  ,3827384  ,2 ,02,1 ,,,,,,,,,,,,,,,,,,,,,,,,,,,,,,,,,,,,,,,,,,,,,,,,,,,,,,,,,,,,,,,,,,,,,,,,,,,,,,,,,,,,,,,,,,,,,,,,,,,,,,,,,,,,,,,,,,,,,,1,0,0,2,39,1,1,4,2, , , , ,  ,000,000,   ,   ,00,  ,  ,   ,   ,   ,  ,0,0,0
