1775182  ,1,,,,,,00037,2 ,9 ,2018,6,12,08,0  ,0 ,02,1,009,  ,1,0,0, ,000900100S00        ,42,8 ,46.1400000,-124,21,11.9900000,0 ,  ,               ,               ,    ,    ,0,349.37 ,55,5,0, ,0,0,0,2 ,  ,0,04,6,1,2,1,1,1,099,1,1,128,   ,   ,02,  ,  ,0,0,0,1,0,0, ,5,US,101  ,3,07 ,293_17791                     ,                    ,0,1,1,0,0,0,0,0,1,0,0,0,1,1,0,0,0,0,1,2,1,1,0
1775182  ,2,3345766  ,,,1 ,,,,,,,,,,,,,,,,,,,,,,,,,,,,,,,,,,,,,,,,,,,,,,,,,,,,,,,,,,,,,,,,,,,,,,,,,,,,,,,,,,,,,,,,,,,,,,,,,1,0,04,0,1,1,5,1,000,00,  ,  ,   ,   ,   ,0,0,1 ,0 ,0 ,1 ,1
1775182  ,3,3345766  ,3810463  ,1 ,01,1 ,,,,,,,,,,,,,,,,,,,,,,,,,,,,,,,,,,,,,,,,,,,,,,,,,,,,,,,,,,,,,,,,,,,,,,,,,,,,,,,,,,,,,,,,,,,,,,,,,,,,,,,,,,,,,,,,,,,,,,1,0,0,1,57,1,1,9,2,0, , , ,  ,000,000,   ,   ,00,  ,  ,   ,   ,   ,86,0,0,0
1775182  ,3,0        ,3810464  ,2 ,  ,1 ,,,,,,,,,,,,,,,,,,,,,,,,,,,,,,,,,,,,,,,,,,,,,,,,,,,,,,,,,,,,,,,,,,,,,,,,,,,,,,,,,,,,,,,,,,,,,,,,,,,,,,,,,,,,,,,,,,,,,,6,0,0,1,25, , ,1,0, ,1,0,0,04,037,028,057,   ,02,  ,  ,   ,   ,   ,00,9,1,0
1777185  ,1,,,,,,00001,1 ,6 ,2018,7,19,08,0  ,0 ,02,1,009,  ,1,0,0, ,000900100S00        ,42,35,48.6400000,-124,23,54.9800000,0 ,  ,               ,               ,    ,    ,0,314.44 ,55,5,1, ,0,0,0,2 ,  ,0,06,8,9,4,1,1,3,099,1,1,079,010,   ,27,  ,  ,0,0,0,0,0,0, ,5,US,101  ,3,07 ,293_5036                      ,                    ,0,1,0,0,0,1,1,0,0,0,0,0,0,0,0,0,0,0,1,1,1,0,0
1777185  ,2,3349536  ,,,1 ,,,,,,,,,,,,,,,,,,,,,,,,,,,,,,,,,,,,,,,,,,,,,,,,,,,,,,,,,,,,,,,,,,,,,,,,,,,,,,,,,,,,,,,,,,,,,,,,,1,0,01,0,0,1,5,1,000,00,  ,  ,079,010,   ,0,0,1 ,0 ,0 ,1 ,1
1777185  ,3,3349536  ,3815223  ,1 ,01,1 ,,,,,,,,,,,,,,,,,,,,,,,,,,,,,,,,,,,,,,,,,,,,,,,,,,,,,,,,,,,,,,,,,,,,,,,,,,,,,,,,,,,,,,,,,,,,,,,,,,,,,,,,,,,,,,,,,,,,,,1,0,0,2,73,1,1,4,2, , , , ,  ,038,016,081,   ,27,  ,  ,   ,   ,   ,86,0,0,0
1777186  ,1,,,,,,00002,1 ,7 ,2018,1,11,08,0  ,0 ,07,0,   ,  , , , , ,                    ,42,4 ,14.7200000,-124,12,13.9700000,0 ,  ,00808          ,               ,    ,    ,0,4.57   ,  ,0,1, ,0,0,0,2 ,  ,0,00,&,8,4,0,0,1,099,1,2,   ,   ,   ,10,  ,  , , ,0,0,0,0, ,6,  ,     ,3,07 ,42_8002525                    ,                    ,0,1,0,0,0,1,1,0,0,0,0,0,0,0,0,0,0,0,1,1,0,0,1
1777186  ,2,3349537  ,,,1 ,,,,,,,,,,,,,,,,,,,,,,,,,,,,,,,,,,,,,,,,,,,,,,,,,,,,,,,,,,,,,,,,,,,,,,,,,,,,,,,,,,,,,,,,,,,,,,,,,1,0,01,0,0,1,0,0,000,00,  ,  ,   ,   ,   ,0,0,0 ,0 ,1 ,1 ,1
1777186  ,3,3349537  ,3815224  ,1 ,01,1 ,,,,,,,,,,,,,,,,,,,,,,,,,,,,,,,,,,,,,,,,,,,,,,,,,,,,,,,,,,,,,,,,,,,,,,,,,,,,,,,,,,,,,,,,,,,,,,,,,,,,,,,,,,,,,,,,,,,,,,1,0,0,2,43,3,1,4,9, , , , ,  ,000,081,   ,   ,10,  ,  ,   ,   ,   ,  , , ,0
1777187  ,1,,,,,,00005,1 ,19,2018,6,13,08,22 ,11,19,0,   ,  , , , , ,                    ,42,3 ,30.3700000,-124,17,2.4600000,0 ,  ,00801          ,00702          ,1   ,40  ,5,       ,20,2,0, ,0,0,0,2 ,  ,0,06,B,-,4,3,2,1,099,1,3,   ,   ,   ,02,32,  ,1, ,0,0,0,0, ,3,  ,     ,3,07 ,42_8000603                    ,                    ,0,2,0,0,0,1,1,0,1,0,0,0,0,0,0,0,0,0,2,2,2,0,0
1777187  ,2,3349538  ,,,1 ,,,,,,,,,,,,,,,,,,,,,,,,,,,,,,,,,,,,,,,,,,,,,,,,,,,,,,,,,,,,,,,,,,,,,,,,,,,,,,,,,,,,,,,,,,,,,,,,,1,0,01,0,0,5,3,7,018,00,  ,  ,   ,   ,   ,0,0,1 ,0 ,0 ,1 ,1
1777187  ,3,3349538  ,3815225  ,1 ,01,1 ,,,,,,,,,,,,,,,,,,,,,,,,,,,,,,,,,,,,,,,,,,,,,,,,,,,,,,,,,,,,,,,,,,,,,,,,,,,,,,,,,,,,,,,,,,,,,,,,,,,,,,,,,,,,,,,,,,,,,,1,0,0,2,18,2,1,9,2,0, , , ,  ,000,028,052,   ,02,32,  ,   ,   ,   ,86,0,0,0
1777187  ,2,3349539  ,,,2 ,,,,,,,,,,,,,,,,,,,,,,,,,,,,,,,,,,,,,,,,,,,,,,,,,,,,,,,,,,,,,,,,,,,,,,,,,,,,,,,,,,,,,,,,,,,,,,,,,1,0,01,0,0,1,5,1,000,00,  ,  ,   ,   ,   ,0,0,1 ,0 ,0 ,1 ,0
1777187  ,3,3349539  ,3815226  ,2 ,02,1 ,,,,,,,,,,,,,,,,,,,,,,,,,,,,,,,,,,,,,,,,,,,,,,,,,,,,,,,,,,,,,,,,,,,,,,,,,,,,,,,,,,,,,,,,,,,,,,,,,,,,,,,,,,,,,,,,,,,,,,1,0,0,2,61,1,1,4,2,0, , , ,  ,000,000,   ,   ,00,  ,  ,   ,   ,   ,86,0,0,0
1777188  ,1,,,,,,00007,1 ,23,2018,3,14,08,22 ,11,14,1,009,  ,1,0,0, ,000900100S00        ,42,3 ,13.3000000,-124,16,39.8500000,0 ,  ,00403          ,01801          ,1   ,    ,2,357.52 ,25,3,0, ,0,0,0,4 ,  ,0,06,C,3,4,3,2,1,099,1,3,   ,   ,   ,27,29,  , , ,0,0,0,0, ,4,US,101  ,3,07 ,293_20428                     ,                    ,0,2,0,0,1,0,1,0,1,0,0,0,0,0,0,0,0,0,2,2,2,0,0
1777188  ,2,3349540  ,,,1 ,,,,,,,,,,,,,,,,,,,,,,,,,,,,,,,,,,,,,,,,,,,,,,,,,,,,,,,,,,,,,,,,,,,,,,,,,,,,,,,,,,,,,,,,,,,,,,,,,1,0,01,0,0,1,2,6,000,00,  ,  ,   ,   ,   ,0,0,1 ,0 ,0 ,1 ,1
1777188  ,3,3349540  ,3815227  ,1 ,01,1 ,,,,,,,,,,,,,,,,,,,,,,,,,,,,,,,,,,,,,,,,,,,,,,,,,,,,,,,,,,,,,,,,,,,,,,,,,,,,,,,,,,,,,,,,,,,,,,,,,,,,,,,,,,,,,,,,,,,,,,1,0,0,2,46,1,1,9,2,0, , , ,  ,038,016,042,   ,27,29,  ,   ,   ,   ,  ,0,0,0
1777188  ,2,3349541  ,,,2 ,,,,,,,,,,,,,,,,,,,,,,,,,,,,,,,,,,,,,,,,,,,,,,,,,,,,,,,,,,,,,,,,,,,,,,,,,,,,,,,,,,,,,,,,,,,,,,,,,1,0,01,0,0,1,2,6,006,00,  ,  ,   ,   ,   ,0,0,1 ,0 ,0 ,1 ,0
1777188  ,3,3349541  ,3815228  ,2 ,02,1 ,,,,,,,,,,,,,,,,,,,,,,,,,,,,,,,,,,,,,,,,,,,,,,,,,,,,,,,,,,,,,,,,,,,,,,,,,,,,,,,,,,,,,,,,,,,,,,,,,,,,,,,,,,,,,,,,,,,,,,1,0,0,2,78,1,1,3,2,0, , , ,  ,000,000,   ,   ,00,  ,  ,   ,   ,   ,  ,0,0,0
1777189  ,1,,,,,,00011,1 ,28,2018,1,01,08,0  ,0 ,02,1,009,  ,1,0,0, ,000900100S00        ,42,41,3.4300000,-124,25,36.9300000,0 ,  ,               ,               ,    ,    ,0,307.54 ,55,5,1, ,0,0,0,2 ,  ,0,01,8,9,4,3,2,3,009,1,1,079,043,   ,27,01,33,0,0,1,0,1,0, ,5,US,101  ,3,07 ,293_5003                      ,                    ,0,1,0,0,0,1,1,0,0,0,0,0,0,0,0,0,0,0,1,1,1,0,0
1777189  ,2,3349542  ,,,1 ,,,,,,,,,,,,,,,,,,,,,,,,,,,,,,,,,,,,,,,,,,,,,,,,,,,,,,,,,,,,,,,,,,,,,,,,,,,,,,,,,,,,,,,,,,,,,,,,,1,0,01,0,0,1,5,1,000,00,  ,  ,079,043,   ,0,0,1 ,0 ,0 ,1 ,1
1777189  ,3,3349542  ,3815229  ,1 ,01,1 ,,,,,,,,,,,,,,,,,,,,,,,,,,,,,,,,,,,,,,,,,,,,,,,,,,,,,,,,,,,,,,,,,,,,,,,,,,,,,,,,,,,,,,,,,,,,,,,,,,,,,,,,,,,,,,,,,,,,,,1,0,0,1,28,8,2,4,2,0, , , ,  ,038,016,047,051,27,01,33,   ,   ,   ,87,1,9,0
1777190  ,1,,,,,,00012,1 ,30,2018,3,22,08,0  ,0 ,02,1,009,  ,1,0,0, ,000900100S00        ,42,21,42.0100000,-124,24,57.2400000,0 ,  ,               ,               ,    ,    ,0,332.41 ,55,7,1, ,0,0,0,3 ,  ,0,07,8,9,4,1,1,3,099,1,1,079,062,010,30,  ,  ,0,0,0,0,1,0, ,5,US,101  ,3,07 ,293_23410                     ,                    ,0,1,0,0,2,0,2,0,0,0,0,0,0,0,0,0,0,0,2,2,1,1,0
1777190  ,2,3349543  ,,,1 ,,,,,,,,,,,,,,,,,,,,,,,,,,,,,,,,,,,,,,,,,,,,,,,,,,,,,,,,,,,,,,,,,,,,,,,,,,,,,,,,,,,,,,,,,,,,,,,,,1,0,01,0,0,1,1,5,000,00,  ,  ,079,062,010,1,0,1 ,1 ,0 ,2 ,1
1777190  ,3,3349543  ,3815230  ,1 ,01,1 ,,,,,,,,,,,,,,,,,,,,,,,,,,,,,,,,,,,,,,,,,,,,,,,,,,,,,,,,,,,,,,,,,,,,,,,,,,,,,,,,,,,,,,,,,,,,,,,,,,,,,,,,,,,,,,,,,,,,,,1,0,0,1,27,1,1,3,2,1, , , ,  ,000,050,081,   ,30,  ,  ,   ,   ,   ,  , ,9,0
1777190  ,3,3349543  ,3815231  ,2 ,01,2 ,,,,,,,,,,,,,,,,,,,,,,,,,,,,,,,,,,,,,,,,,,,,,,,,,,,,,,,,,,,,,,,,,,,,,,,,,,,,,,,,,,,,,,,,,,,,,,,,,,,,,,,,,,,,,,,,,,,,,,2,0,0,1,25, , ,3,0,1, , , ,  ,000,000,   ,   ,00,  ,  ,   ,   ,   ,  , , ,0
1777292  ,1,,,,,,00068,1 ,21,2018,1,16,08,0  ,0 ,09,0,   ,  , , , , ,                    ,42,27,28.7400000,-124,11,26.5900000,46,SISKYOU NF,NF1407         ,00000          ,    ,    ,0,       ,  ,0,0, ,0,0,0,2 ,  ,0,05,G,2,4,1,3,5,000,1,2,001,   ,   ,01,05,  ,0,0,0,0,1,0, ,6,  ,     ,3,07 ,                              ,                    ,1,2,0,1,0,0,1,0,1,0,0,0,0,0,0,0,0,0,2,2,1,1,0
1777292  ,2,3349736  ,,,1 ,,,,,,,,,,,,,,,,,,,,,,,,,,,,,,,,,,,,,,,,,,,,,,,,,,,,,,,,,,,,,,,,,,,,,,,,,,,,,,,,,,,,,,,,,,,,,,,,,1,0,13,0,0,1,1,5,000,00,  ,  ,   ,   ,   ,0,0,0 ,1 ,0 ,1 ,1
1777292  ,3,3349736  ,3815471  ,1 ,01,1 ,,,,,,,,,,,,,,,,,,,,,,,,,,,,,,,,,,,,,,,,,,,,,,,,,,,,,,,,,,,,,,,,,,,,,,,,,,,,,,,,,,,,,,,,,,,,,,,,,,,,,,,,,,,,,,,,,,,,,,1,0,0,1,19,1,2,2,0, , , , ,  ,000,047,039,   ,01,05,  ,   ,   ,   ,86,0,0,0
1777292  ,2,3349737  ,,,2 ,,,,,,,,,,,,,,,,,,,,,,,,,,,,,,,,,,,,,,,,,,,,,,,,,,,,,,,,,,,,,,,,,,,,,,,,,,,,,,,,,,,,,,,,,,,,,,,,,1,0,01,0,0,1,5,1,000,00,  ,  ,   ,   ,   ,0,0,1 ,0 ,0 ,1 ,0
1777292  ,3,3349737  ,3815472  ,2 ,02,1 ,,,,,,,,,,,,,,,,,,,,,,,,,,,,,,,,,,,,,,,,,,,,,,,,,,,,,,,,,,,,,,,,,,,,,,,,,,,,,,,,,,,,,,,,,,,,,,,,,,,,,,,,,,,,,,,,,,,,,,1,0,0,1,28,1,2,9,2, , , , ,  ,000,000,   ,   ,00,  ,  ,   ,   ,   ,86,0,0,0
1777300  ,1,,,,,,00015,2 ,8 ,2018,5,16,08,0  ,0 ,02,1,009,  ,1,0,0, ,000900100S00        ,42,27,28.7400000,-124,11,26.5900000,0 ,  ,               ,               ,    ,    ,0,999.99 ,55,0,0, ,0,0,0,99,  ,0,00,B,6,4,1,1,1,099,1,5,   ,   ,   ,02,  ,  , , ,0,0,0,0, ,5,  ,     ,3,07 ,293_9632                      ,                    ,1,2,0,0,0,1,1,1,2,0,0,0,0,0,0,0,0,0,3,3,0,0,3
1777300  ,2,3349749  ,,,1 ,,,,,,,,,,,,,,,,,,,,,,,,,,,,,,,,,,,,,,,,,,,,,,,,,,,,,,,,,,,,,,,,,,,,,,,,,,,,,,,,,,,,,,,,,,,,,,,,,1,0,01,0,0,1,1,5,000,00,  ,  ,   ,   ,   ,0,0,0 ,0 ,2 ,2 ,1
1777300  ,3,3349749  ,3815485  ,1 ,01,1 ,,,,,,,,,,,,,,,,,,,,,,,,,,,,,,,,,,,,,,,,,,,,,,,,,,,,,,,,,,,,,,,,,,,,,,,,,,,,,,,,,,,,,,,,,,,,,,,,,,,,,,,,,,,,,,,,,,,,,,1,0,0,2,42,1,3,4,9, , , , ,  ,000,000,   ,   ,00,  ,  ,   ,   ,   ,  , , ,0
1777300  ,3,3349749  ,3815486  ,2 ,01,2 ,,,,,,,,,,,,,,,,,,,,,,,,,,,,,,,,,,,,,,,,,,,,,,,,,,,,,,,,,,,,,,,,,,,,,,,,,,,,,,,,,,,,,,,,,,,,,,,,,,,,,,,,,,,,,,,,,,,,,,2,0,0,2,01, , ,9,9, , , , ,  ,000,000,   ,   ,00,  ,  ,   ,   ,   ,  , , ,0
1777300  ,2,3349750  ,,,2 ,,,,,,,,,,,,,,,,,,,,,,,,,,,,,,,,,,,,,,,,,,,,,,,,,,,,,,,,,,,,,,,,,,,,,,,,,,,,,,,,,,,,,,,,,,,,,,,,,1,0,01,0,0,3,7,1,000,00,  ,  ,   ,   ,   ,0,0,0 ,0 ,1 ,1 ,0
1777300  ,3,3349750  ,3815487  ,3 ,02,1 ,,,,,,,,,,,,,,,,,,,,,,,,,,,,,,,,,,,,,,,,,,,,,,,,,,,,,,,,,,,,,,,,,,,,,,,,,,,,,,,,,,,,,,,,,,,,,,,,,,,,,,,,,,,,,,,,,,,,,,1,0,0,9,00,9,9,9,9, , , , ,  ,000,028,   ,   ,02,  ,  ,   ,   ,   ,  , , ,0
1777301  ,1,,,,,,00017,2 ,11,2018,1,18,08,22 ,11,14,1,009,  ,1,0,0, ,000900100S00        ,42,3 ,39.0600000,-124,18,2.1500000,0 ,  ,00403          ,02102          ,1   ,    ,9,356.11 ,35,1,0,3,0,0,0,0 ,0 , ,04,H,6,4,1,2,3,004,1,3,   ,   ,   ,27,02,  ,0,0,0,0,0,0, ,4,US,101  ,3,07 ,293_10783                     ,                    ,0,2,0,0,3,2,5,2,1,0,0,0,0,0,0,0,0,0,6,6,6,0,0
1777301  ,2,3349751  ,,,1 ,,,,,,,,,,,,,,,,,,,,,,,,,,,,,,,,,,,,,,,,,,,,,,,,,,,,,,,,,,,,,,,,,,,,,,,,,,,,,,,,,,,,,,,,,,,,,,,,,1,0,01,0,0,3,8,3,000,00,  ,  ,   ,   ,   ,0,0,1 ,0 ,0 ,1 ,1
1777301  ,3,3349751  ,3815488  ,1 ,01,1 ,,,,,,,,,,,,,,,,,,,,,,,,,,,,,,,,,,,,,,,,,,,,,,,,,,,,,,,,,,,,,,,,,,,,,,,,,,,,,,,,,,,,,,,,,,,,,,,,,,,,,,,,,,,,,,,,,,,,,,1,0,0,1,72,1,1,9,2,1, , , ,  ,038,016,028,004,27,02,  ,   ,   ,   ,86,0,0,0
1777301  ,2,3349752  ,,,2 ,,,,,,,,,,,,,,,,,,,,,,,,,,,,,,,,,,,,,,,,,,,,,,,,,,,,,,,,,,,,,,,,,,,,,,,,,,,,,,,,,,,,,,,,,,,,,,,,,1,0,01,0,0,1,4,8,000,00,  ,  ,   ,   ,   ,0,0,5 ,0 ,0 ,5 ,0
1777301  ,3,3349752  ,3815489  ,2 ,02,1 ,,,,,,,,,,,,,,,,,,,,,,,,,,,,,,,,,,,,,,,,,,,,,,,,,,,,,,,,,,,,,,,,,,,,,,,,,,,,,,,,,,,,,,,,,,,,,,,,,,,,,,,,,,,,,,,,,,,,,,1,0,0,2,28,1,1,3,2,1, , , ,  ,000,000,   ,   ,00,  ,  ,   ,   ,   ,86,0,0,0
1777301  ,3,3349752  ,3815490  ,3 ,02,2 ,,,,,,,,,,,,,,,,,,,,,,,,,,,,,,,,,,,,,,,,,,,,,,,,,,,,,,,,,,,,,,,,,,,,,,,,,,,,,,,,,,,,,,,,,,,,,,,,,,,,,,,,,,,,,,,,,,,,,,2,0,0,1,30, , ,4,2,1, , , ,  ,000,000,   ,   ,00,  ,  ,   ,   ,   ,  , , ,0
1777301  ,3,3349752  ,3815491  ,4 ,02,3 ,,,,,,,,,,,,,,,,,,,,,,,,,,,,,,,,,,,,,,,,,,,,,,,,,,,,,,,,,,,,,,,,,,,,,,,,,,,,,,,,,,,,,,,,,,,,,,,,,,,,,,,,,,,,,,,,,,,,,,2,0,0,1,04, , ,3,4, , , , ,  ,000,000,   ,   ,00,  ,  ,   ,   ,   ,  , , ,0
1777301  ,3,3349752  ,3815492  ,5 ,02,4 ,,,,,,,,,,,,,,,,,,,,,,,,,,,,,,,,,,,,,,,,,,,,,,,,,,,,,,,,,,,,,,,,,,,,,,,,,,,,,,,,,,,,,,,,,,,,,,,,,,,,,,,,,,,,,,,,,,,,,,2,0,0,1,08, , ,3,2, , , , ,  ,000,000,   ,   ,00,  ,  ,   ,   ,   ,  , , ,0
1777301  ,3,3349752  ,3815493  ,6 ,02,5 ,,,,,,,,,,,,,,,,,,,,,,,,,,,,,,,,,,,,,,,,,,,,,,,,,,,,,,,,,,,,,,,,,,,,,,,,,,,,,,,,,,,,,,,,,,,,,,,,,,,,,,,,,,,,,,,,,,,,,,2,0,0,1,04, , ,4,4, , , , ,  ,000,000,   ,   ,00,  ,  ,   ,   ,   ,  , , ,0
1777303  ,1,,,,,,00020,2 ,19,2018,2,13,08,0  ,11,14,1,009,  ,1,0,0, ,000900100S00        ,42,2 ,54.3800000,-124,15,26.9900000,0 ,  ,               ,               ,    ,    ,9,358.76 ,45,1,0,1,0,0,0,0 ,2 , ,02,B,6,4,1,1,1,001,1,1,   ,   ,   ,04,  ,  ,0,0,0,0,0,0, ,8,US,101  ,3,07 ,293_13703                     ,                    ,0,2,0,0,0,2,2,0,2,0,0,0,0,0,0,0,0,0,4,4,4,0,0
1777303  ,2,3349754  ,,,1 ,,,,,,,,,,,,,,,,,,,,,,,,,,,,,,,,,,,,,,,,,,,,,,,,,,,,,,,,,,,,,,,,,,,,,,,,,,,,,,,,,,,,,,,,,,,,,,,,,1,0,01,0,0,3,3,5,000,00,  ,  ,   ,   ,   ,0,0,2 ,0 ,0 ,2 ,1
1777303  ,3,3349754  ,3815495  ,1 ,01,1 ,,,,,,,,,,,,,,,,,,,,,,,,,,,,,,,,,,,,,,,,,,,,,,,,,,,,,,,,,,,,,,,,,,,,,,,,,,,,,,,,,,,,,,,,,,,,,,,,,,,,,,,,,,,,,,,,,,,,,,1,0,0,2,82,2,1,9,2,0, , , ,  ,000,020,   ,   ,04,  ,  ,   ,   ,   ,  ,0,0,0
1777303  ,2,3349755  ,,,2 ,,,,,,,,,,,,,,,,,,,,,,,,,,,,,,,,,,,,,,,,,,,,,,,,,,,,,,,,,,,,,,,,,,,,,,,,,,,,,,,,,,,,,,,,,,,,,,,,,1,0,01,0,0,1,5,1,000,00,  ,  ,   ,   ,   ,0,0,2 ,0 ,0 ,2 ,0
1777303  ,3,3349755  ,3815496  ,2 ,02,1 ,,,,,,,,,,,,,,,,,,,,,,,,,,,,,,,,,,,,,,,,,,,,,,,,,,,,,,,,,,,,,,,,,,,,,,,,,,,,,,,,,,,,,,,,,,,,,,,,,,,,,,,,,,,,,,,,,,,,,,1,0,0,2,31,1,1,4,2,0, , , ,  ,000,000,   ,   ,00,  ,  ,   ,   ,   ,  ,0,0,0
1777303  ,3,3349755  ,3815497  ,3 ,02,2 ,,,,,,,,,,,,,,,,,,,,,,,,,,,,,,,,,,,,,,,,,,,,,,,,,,,,,,,,,,,,,,,,,,,,,,,,,,,,,,,,,,,,,,,,,,,,,,,,,,,,,,,,,,,,,,,,,,,,,,2,0,0,1,30, , ,4,2,0, , , ,  ,000,000,   ,   ,00,  ,  ,   ,   ,   ,  , , ,0
1777304  ,1,,,,,,00022,2 ,14,2018,4,22,08,22 ,11,17,0,   ,  , , , , ,                    ,42,3 ,23.8400000,-124,16,32.0100000,0 ,  ,01802          ,00803          ,1   ,220 ,5,       ,25,7,0, ,0,0,0,2 ,  ,0,07,G,4,4,1,1,3,099,1,3,128,   ,   ,01,05,33,0,0,1,0,1,0, ,3,  ,     ,3,07 ,42_8001493                    ,                    ,0,2,0,0,1,1,2,0,3,0,0,0,0,0,0,0,0,0,5,5,5,0,0
1777304  ,2,3349756  ,,,1 ,,,,,,,,,,,,,,,,,,,,,,,,,,,,,,,,,,,,,,,,,,,,,,,,,,,,,,,,,,,,,,,,,,,,,,,,,,,,,,,,,,,,,,,,,,,,,,,,,1,0,01,0,0,1,5,1,000,00,  ,  ,128,   ,   ,0,0,4 ,0 ,0 ,4 ,1
1777304  ,3,3349756  ,3815498  ,1 ,01,1 ,,,,,,,,,,,,,,,,,,,,,,,,,,,,,,,,,,,,,,,,,,,,,,,,,,,,,,,,,,,,,,,,,,,,,,,,,,,,,,,,,,,,,,,,,,,,,,,,,,,,,,,,,,,,,,,,,,,,,,1,0,0,1,28,1,1,9,2,1, , , ,  ,000,047,044,051,01,05,33,   ,   ,   ,07,1, ,0
1777304  ,3,3349756  ,3815499  ,2 ,01,2 ,,,,,,,,,,,,,,,,,,,,,,,,,,,,,,,,,,,,,,,,,,,,,,,,,,,,,,,,,,,,,,,,,,,,,,,,,,,,,,,,,,,,,,,,,,,,,,,,,,,,,,,,,,,,,,,,,,,,,,2,0,0,1,24, , ,4,2,1, , , ,  ,000,000,   ,   ,00,  ,  ,   ,   ,   ,  , , ,0
1777304  ,2,3349757  ,,,2 ,,,,,,,,,,,,,,,,,,,,,,,,,,,,,,,,,,,,,,,,,,,,,,,,,,,,,,,,,,,,,,,,,,,,,,,,,,,,,,,,,,,,,,,,,,,,,,,,,1,0,01,0,0,1,1,5,000,00,  ,  ,   ,   ,   ,0,0,1 ,0 ,0 ,1 ,0
1777304  ,3,3349757  ,3815500  ,3 ,02,1 ,,,,,,,,,,,,,,,,,,,,,,,,,,,,,,,,,,,,,,,,,,,,,,,,,,,,,,,,,,,,,,,,,,,,,,,,,,,,,,,,,,,,,,,,,,,,,,,,,,,,,,,,,,,,,,,,,,,,,,1,0,0,1,29,1,1,3,2,1, , , ,  ,000,000,   ,   ,00,  ,  ,   ,   ,   ,86,0,0,0
1777305  ,1,,,,,,00023,2 ,5 ,2018,2,19,08,0  ,0 ,02,1,009,  ,1,0,0, ,000900100S00        ,42,10,32.4900000,-124,21,30.4700000,0 ,  ,               ,               ,    ,    ,0,347.04 ,55,3,1, ,0,0,0,2 ,  ,0,06,8,9,4,1,1,3,099,1,1,062,   ,   ,27,16,01,0,0,0,1,1,0, ,5,US,101  ,3,07 ,293_208                       ,                    ,0,1,0,0,1,0,1,0,0,0,0,0,0,0,0,0,0,0,1,1,1,0,0
1777305  ,2,3349758  ,,,1 ,,,,,,,,,,,,,,,,,,,,,,,,,,,,,,,,,,,,,,,,,,,,,,,,,,,,,,,,,,,,,,,,,,,,,,,,,,,,,,,,,,,,,,,,,,,,,,,,,1,0,01,0,0,1,1,5,000,00,  ,  ,062,   ,   ,0,0,1 ,0 ,0 ,1 ,1
1777305  ,3,3349758  ,3815501  ,1 ,01,1 ,,,,,,,,,,,,,,,,,,,,,,,,,,,,,,,,,,,,,,,,,,,,,,,,,,,,,,,,,,,,,,,,,,,,,,,,,,,,,,,,,,,,,,,,,,,,,,,,,,,,,,,,,,,,,,,,,,,,,,1,0,0,1,51,1,1,3,2,1, , , ,  ,025,016,047,081,27,16,01,   ,   ,   ,  , ,1,0
1777311  ,1,,,,,,00024,2 ,7 ,2018,4,12,08,0  ,11,18,0,   ,  , , , , ,                    ,42,1 ,47.6100000,-124,14,53.2500000,0 ,  ,00872          ,               ,    ,    ,0,1.13   ,40,3,1, ,0,0,0,2 ,  ,0,01,8,9,4,1,1,1,000,1,2,121,058,079,10,  ,  ,0,0,0,0,0,0, ,9,  ,     ,3,07 ,42_8001470                    ,                    ,0,1,0,0,1,1,2,0,0,0,0,0,0,0,0,0,0,0,2,2,2,0,0
1777311  ,2,3349768  ,,,1 ,,,,,,,,,,,,,,,,,,,,,,,,,,,,,,,,,,,,,,,,,,,,,,,,,,,,,,,,,,,,,,,,,,,,,,,,,,,,,,,,,,,,,,,,,,,,,,,,,1,0,01,0,0,1,3,7,000,00,  ,  ,121,058,079,0,0,2 ,0 ,0 ,2 ,1
1777311  ,3,3349768  ,3815513  ,1 ,01,1 ,,,,,,,,,,,,,,,,,,,,,,,,,,,,,,,,,,,,,,,,,,,,,,,,,,,,,,,,,,,,,,,,,,,,,,,,,,,,,,,,,,,,,,,,,,,,,,,,,,,,,,,,,,,,,,,,,,,,,,1,0,0,2,35,1,9,3,2,1, , , ,  ,000,081,   ,   ,10,  ,  ,   ,   ,   ,  ,0,0,0
1777311  ,3,3349768  ,3815514  ,2 ,01,2 ,,,,,,,,,,,,,,,,,,,,,,,,,,,,,,,,,,,,,,,,,,,,,,,,,,,,,,,,,,,,,,,,,,,,,,,,,,,,,,,,,,,,,,,,,,,,,,,,,,,,,,,,,,,,,,,,,,,,,,2,0,0,1,35, , ,4,2,0, , , ,  ,000,000,   ,   ,00,  ,  ,   ,   ,   ,  , , ,0
1777313  ,1,,,,,,00027,3 ,1 ,2018,5,15,08,0  ,0 ,02,1,009,  ,1,0,0, ,000900100S00        ,42,19,11.4700000,-124,24,53.9600000,0 ,  ,               ,               ,    ,    ,0,335.99 ,55,7,1, ,0,0,0,4 ,  ,0,08,8,9,5,4,2,1,099,1,1,079,128,   ,01,  ,  ,0,0,0,0,1,0, ,5,US,101  ,3,07 ,293_5088                      ,                    ,0,1,0,0,0,0,0,0,2,0,0,0,0,0,0,0,0,0,2,2,2,0,0
1777313  ,2,3349771  ,,,1 ,,,,,,,,,,,,,,,,,,,,,,,,,,,,,,,,,,,,,,,,,,,,,,,,,,,,,,,,,,,,,,,,,,,,,,,,,,,,,,,,,,,,,,,,,,,,,,,,,0,0,01,0,9,1,5,1,000,00,  ,  ,   ,   ,   ,0,0,2 ,0 ,0 ,2 ,1
1777313  ,3,3349771  ,3815518  ,1 ,01,1 ,,,,,,,,,,,,,,,,,,,,,,,,,,,,,,,,,,,,,,,,,,,,,,,,,,,,,,,,,,,,,,,,,,,,,,,,,,,,,,,,,,,,,,,,,,,,,,,,,,,,,,,,,,,,,,,,,,,,,,1,0,0,9,00,9,9,9,9, , , , ,  ,000,000,   ,   ,00,  ,  ,   ,   ,   ,86,0,0,0
1777315  ,1,,,,,,90027,3 ,1 ,2018,5,15,08,0  ,0 ,02,1,009,  ,1,0,0, ,000900100S00        ,42,19,11.4800000,-124,24,53.9600000,0 ,  ,               ,               ,    ,    ,0,335.99 ,55,7,1, ,0,0,0,4 ,  ,0,08,8,9,4,4,2,1,099,1,1,079,128,   ,01,  ,  ,0,0,0,0,1,0, ,5,US,101  ,3,07 ,293_5088                      ,                    ,0,1,0,0,0,4,4,0,0,0,0,0,0,0,0,0,0,0,4,4,4,0,0
1777315  ,2,3349774  ,,,1 ,,,,,,,,,,,,,,,,,,,,,,,,,,,,,,,,,,,,,,,,,,,,,,,,,,,,,,,,,,,,,,,,,,,,,,,,,,,,,,,,,,,,,,,,,,,,,,,,,1,0,01,0,0,1,5,1,000,00,  ,  ,079,128,   ,0,0,4 ,0 ,0 ,4 ,1
1777315  ,3,3349774  ,3815521  ,1 ,01,1 ,,,,,,,,,,,,,,,,,,,,,,,,,,,,,,,,,,,,,,,,,,,,,,,,,,,,,,,,,,,,,,,,,,,,,,,,,,,,,,,,,,,,,,,,,,,,,,,,,,,,,,,,,,,,,,,,,,,,,,1,0,0,2,63,1,1,4,2,0, , , ,  ,017,047,081,   ,01,  ,  ,   ,   ,   ,86,0,0,0
1777315  ,3,3349774  ,3815522  ,2 ,01,2 ,,,,,,,,,,,,,,,,,,,,,,,,,,,,,,,,,,,,,,,,,,,,,,,,,,,,,,,,,,,,,,,,,,,,,,,,,,,,,,,,,,,,,,,,,,,,,,,,,,,,,,,,,,,,,,,,,,,,,,2,0,0,2,34, , ,4,2,0, , , ,  ,000,000,   ,   ,00,  ,  ,   ,   ,   ,  , , ,0
1777315  ,3,3349774  ,3815523  ,3 ,01,3 ,,,,,,,,,,,,,,,,,,,,,,,,,,,,,,,,,,,,,,,,,,,,,,,,,,,,,,,,,,,,,,,,,,,,,,,,,,,,,,,,,,,,,,,,,,,,,,,,,,,,,,,,,,,,,,,,,,,,,,2,0,0,2,11, , ,4,2,0, , , ,  ,000,000,   ,   ,00,  ,  ,   ,   ,   ,  , , ,0
1777315  ,3,3349774  ,3815524  ,4 ,01,4 ,,,,,,,,,,,,,,,,,,,,,,,,,,,,,,,,,,,,,,,,,,,,,,,,,,,,,,,,,,,,,,,,,,,,,,,,,,,,,,,,,,,,,,,,,,,,,,,,,,,,,,,,,,,,,,,,,,,,,,2,0,0,2,07, , ,4,4,0, , , ,  ,000,000,   ,   ,00,  ,  ,   ,   ,   ,  , , ,0
1777320  ,1,,,,,,00028,3 ,1 ,2018,5,11,08,0  ,0 ,02,1,009,  ,1,0,0, ,000900100S00        ,42,6 ,41.6200000,-124,20,54.4700000,0 ,  ,               ,               ,    ,    ,0,351.77 ,55,5,1, ,0,0,0,3 ,  ,0,07,8,9,4,4,2,1,099,1,1,079,   ,   ,33,  ,  ,0,0,0,0,0,1, ,5,US,101  ,3,07 ,293_19245                     ,                    ,0,1,0,0,2,0,2,0,0,0,0,0,0,0,0,0,0,0,2,2,0,0,2
1777320  ,2,3349782  ,,,1 ,,,,,,,,,,,,,,,,,,,,,,,,,,,,,,,,,,,,,,,,,,,,,,,,,,,,,,,,,,,,,,,,,,,,,,,,,,,,,,,,,,,,,,,,,,,,,,,,,1,0,01,0,0,1,1,5,000,00,  ,  ,079,   ,   ,0,1,0 ,0 ,2 ,2 ,1
1777320  ,3,3349782  ,3815535  ,1 ,01,1 ,,,,,,,,,,,,,,,,,,,,,,,,,,,,,,,,,,,,,,,,,,,,,,,,,,,,,,,,,,,,,,,,,,,,,,,,,,,,,,,,,,,,,,,,,,,,,,,,,,,,,,,,,,,,,,,,,,,,,,1,1,0,1,28,1,1,3,9,1, , , ,  ,017,081,051,   ,33,  ,  ,   ,   ,   ,86,0,0,0
1777320  ,3,3349782  ,3815536  ,2 ,01,2 ,,,,,,,,,,,,,,,,,,,,,,,,,,,,,,,,,,,,,,,,,,,,,,,,,,,,,,,,,,,,,,,,,,,,,,,,,,,,,,,,,,,,,,,,,,,,,,,,,,,,,,,,,,,,,,,,,,,,,,2,0,0,2,43, , ,3,9,1, , , ,  ,000,000,   ,   ,00,  ,  ,   ,   ,   ,  , , ,0
1777324  ,1,,,,,,00035,3 ,19,2018,2,15,08,0  ,0 ,07,0,   ,  , , , , ,                    ,42,26,49.5900000,-124,23,4.6900000,0 ,  ,00545          ,               ,    ,    ,0,1.94   ,45,5,0, ,0,0,0,2 ,  ,0,03,D,6,4,2,1,1,099,1,2,   ,   ,   ,08,  ,  ,0,0,0,0,0,0, ,6,  ,     ,3,07 ,42_8002850                    ,                    ,0,2,0,0,3,0,3,0,0,0,0,0,0,0,0,0,0,0,3,3,3,0,0
1777324  ,2,3349788  ,,,1 ,,,,,,,,,,,,,,,,,,,,,,,,,,,,,,,,,,,,,,,,,,,,,,,,,,,,,,,,,,,,,,,,,,,,,,,,,,,,,,,,,,,,,,,,,,,,,,,,,1,0,01,0,0,4,7,7,000,00,  ,  ,   ,   ,   ,0,0,2 ,0 ,0 ,2 ,1
1777324  ,3,3349788  ,3815543  ,1 ,01,1 ,,,,,,,,,,,,,,,,,,,,,,,,,,,,,,,,,,,,,,,,,,,,,,,,,,,,,,,,,,,,,,,,,,,,,,,,,,,,,,,,,,,,,,,,,,,,,,,,,,,,,,,,,,,,,,,,,,,,,,1,0,0,1,83,1,1,3,2,1, , , ,  ,000,008,   ,   ,08,  ,  ,   ,   ,   ,86,0,0,0
1777324  ,3,3349788  ,3815544  ,2 ,01,2 ,,,,,,,,,,,,,,,,,,,,,,,,,,,,,,,,,,,,,,,,,,,,,,,,,,,,,,,,,,,,,,,,,,,,,,,,,,,,,,,,,,,,,,,,,,,,,,,,,,,,,,,,,,,,,,,,,,,,,,2,0,0,2,85, , ,3,2,1, , , ,  ,000,000,   ,   ,00,  ,  ,   ,   ,   ,  , , ,0
1777324  ,2,3349789  ,,,2 ,,,,,,,,,,,,,,,,,,,,,,,,,,,,,,,,,,,,,,,,,,,,,,,,,,,,,,,,,,,,,,,,,,,,,,,,,,,,,,,,,,,,,,,,,,,,,,,,,1,0,01,0,0,1,7,3,000,00,  ,  ,   ,   ,   ,0,0,1 ,0 ,0 ,1 ,0
1777324  ,3,3349789  ,3815545  ,3 ,02,1 ,,,,,,,,,,,,,,,,,,,,,,,,,,,,,,,,,,,,,,,,,,,,,,,,,,,,,,,,,,,,,,,,,,,,,,,,,,,,,,,,,,,,,,,,,,,,,,,,,,,,,,,,,,,,,,,,,,,,,,1,0,0,2,59,1,1,3,2, , , , ,  ,000,000,   ,   ,00,  ,  ,   ,   ,   ,86,0,0,0
1777326  ,1,,,,,,00038,3 ,25,2018,1,21,08,77 ,0 ,07,0,   ,  , , , , ,                    ,42,22,19.9000000,-124,24,28.5300000,0 ,  ,00114          ,01005          ,1   ,0   ,8,       ,  ,1,1,4,0,0,0,0 ,0 , ,05,8,9,4,0,0,3,004,1,0,079,   ,   ,10,  ,  , , ,0,0,1,0, ,7,  ,     ,3,07 ,42_8002542                    ,                    ,0,1,0,0,0,1,1,0,0,0,0,0,0,0,0,0,0,0,1,1,0,0,1
1777326  ,2,3349792  ,,,1 ,,,,,,,,,,,,,,,,,,,,,,,,,,,,,,,,,,,,,,,,,,,,,,,,,,,,,,,,,,,,,,,,,,,,,,,,,,,,,,,,,,,,,,,,,,,,,,,,,1,0,01,0,0,2,7,5,000,00,  ,  ,079,   ,   ,0,0,0 ,0 ,1 ,1 ,1
1777326  ,3,3349792  ,3815548  ,1 ,01,1 ,,,,,,,,,,,,,,,,,,,,,,,,,,,,,,,,,,,,,,,,,,,,,,,,,,,,,,,,,,,,,,,,,,,,,,,,,,,,,,,,,,,,,,,,,,,,,,,,,,,,,,,,,,,,,,,,,,,,,,1,0,0,2,17,1,1,4,9, , , , ,  ,000,081,   ,   ,01,  ,  ,   ,   ,   ,  , , ,0
1777328  ,1,,,,,,00041,4 ,3 ,2018,3,13,08,77 ,0 ,02,1,009,  ,1,0,0, ,000900100S00        ,42,23,10.8900000,-124,25,23.9800000,0 ,  ,01802          ,01302          ,1   ,    ,1,330.65 ,55,2,0, ,0,0,0,2 ,  ,0,03,B,6,4,1,1,1,000,1,3,128,   ,   ,02,  ,  ,0,0,0,0,0,0, ,5,US,101  ,3,07 ,293_5070                      ,                    ,0,2,0,0,1,1,2,0,0,0,0,0,0,0,0,0,0,0,2,2,2,0,0
1777328  ,2,3349795  ,,,1 ,,,,,,,,,,,,,,,,,,,,,,,,,,,,,,,,,,,,,,,,,,,,,,,,,,,,,,,,,,,,,,,,,,,,,,,,,,,,,,,,,,,,,,,,,,,,,,,,,1,0,01,0,0,1,1,5,000,00,  ,  ,128,   ,   ,0,0,1 ,0 ,0 ,1 ,1
1777328  ,3,3349795  ,3815551  ,1 ,01,1 ,,,,,,,,,,,,,,,,,,,,,,,,,,,,,,,,,,,,,,,,,,,,,,,,,,,,,,,,,,,,,,,,,,,,,,,,,,,,,,,,,,,,,,,,,,,,,,,,,,,,,,,,,,,,,,,,,,,,,,1,0,0,2,32,1,2,3,2,1, , , ,  ,000,000,   ,   ,00,  ,  ,   ,   ,   ,86,0,0,0
1777328  ,2,3349796  ,,,2 ,,,,,,,,,,,,,,,,,,,,,,,,,,,,,,,,,,,,,,,,,,,,,,,,,,,,,,,,,,,,,,,,,,,,,,,,,,,,,,,,,,,,,,,,,,,,,,,,,1,0,01,0,0,3,7,1,018,00,  ,  ,128,   ,   ,0,0,1 ,0 ,0 ,1 ,0
1777328  ,3,3349796  ,3815552  ,2 ,02,1 ,,,,,,,,,,,,,,,,,,,,,,,,,,,,,,,,,,,,,,,,,,,,,,,,,,,,,,,,,,,,,,,,,,,,,,,,,,,,,,,,,,,,,,,,,,,,,,,,,,,,,,,,,,,,,,,,,,,,,,1,0,0,2,55,2,4,4,2,1, , , ,  ,000,028,   ,   ,02,  ,  ,   ,   ,   ,86,0,0,0
1777335  ,1,,,,,,00042,4 ,4 ,2018,4,15,08,22 ,11,14,1,009,  ,1,0,0, ,000900100S00        ,42,3 ,49.6600000,-124,18,9.7200000,0 ,  ,00403          ,01903          ,1   ,    ,8,355.87 ,35,1,0,3,0,0,0,0 ,0 , ,06,E,3,4,2,1,1,004,1,3,   ,   ,   ,07,  ,  ,0,0,0,0,0,0, ,4,US,101  ,3,07 ,293_11983                     ,                    ,0,2,0,0,0,2,2,0,0,0,0,0,0,0,0,0,0,0,2,2,2,0,0
1777335  ,2,3349808  ,,,1 ,,,,,,,,,,,,,,,,,,,,,,,,,,,,,,,,,,,,,,,,,,,,,,,,,,,,,,,,,,,,,,,,,,,,,,,,,,,,,,,,,,,,,,,,,,,,,,,,,1,0,01,0,0,1,8,4,000,00,  ,  ,   ,   ,   ,0,0,1 ,0 ,0 ,1 ,1
1777335  ,3,3349808  ,3815567  ,1 ,01,1 ,,,,,,,,,,,,,,,,,,,,,,,,,,,,,,,,,,,,,,,,,,,,,,,,,,,,,,,,,,,,,,,,,,,,,,,,,,,,,,,,,,,,,,,,,,,,,,,,,,,,,,,,,,,,,,,,,,,,,,1,0,0,2,64,1,1,4,2,1, , , ,  ,000,043,   ,   ,07,  ,  ,   ,   ,   ,86,0,0,0
1777335  ,2,3349809  ,,,2 ,,,,,,,,,,,,,,,,,,,,,,,,,,,,,,,,,,,,,,,,,,,,,,,,,,,,,,,,,,,,,,,,,,,,,,,,,,,,,,,,,,,,,,,,,,,,,,,,,1,0,01,0,0,6,8,4,012,00,  ,  ,   ,   ,   ,0,0,1 ,0 ,0 ,1 ,0
1777335  ,3,3349809  ,3815568  ,2 ,02,1 ,,,,,,,,,,,,,,,,,,,,,,,,,,,,,,,,,,,,,,,,,,,,,,,,,,,,,,,,,,,,,,,,,,,,,,,,,,,,,,,,,,,,,,,,,,,,,,,,,,,,,,,,,,,,,,,,,,,,,,1,0,0,2,37,1,1,4,2,0, , , ,  ,000,000,   ,   ,00,  ,  ,   ,   ,   ,86,0,0,0
1777336  ,1,,,,,,00046,4 ,11,2018,4,14,08,0  ,0 ,02,1,009,  ,1,0,0, ,000900100S00        ,42,44,32.8000000,-124,29,18.5300000,0 ,  ,               ,               ,    ,    ,0,301.55 ,45,7,1, ,0,0,0,3 ,  ,0,01,8,9,4,3,2,1,099,1,1,060,   ,   ,01,  ,  ,0,0,0,0,1,0, ,5,US,101  ,3,07 ,293_16397                     ,                    ,0,1,0,0,0,1,1,0,0,0,0,0,0,0,0,0,0,0,1,1,1,0,0
1777336  ,2,3349810  ,,,1 ,,,,,,,,,,,,,,,,,,,,,,,,,,,,,,,,,,,,,,,,,,,,,,,,,,,,,,,,,,,,,,,,,,,,,,,,,,,,,,,,,,,,,,,,,,,,,,,,,1,0,01,0,0,1,1,5,000,00,  ,  ,060,   ,   ,0,0,1 ,0 ,0 ,1 ,1
1777336  ,3,3349810  ,3815569  ,1 ,01,1 ,,,,,,,,,,,,,,,,,,,,,,,,,,,,,,,,,,,,,,,,,,,,,,,,,,,,,,,,,,,,,,,,,,,,,,,,,,,,,,,,,,,,,,,,,,,,,,,,,,,,,,,,,,,,,,,,,,,,,,1,0,0,1,38,1,2,4,2, , , , ,  ,000,047,081,   ,01,  ,  ,   ,   ,   ,86,0,0,0
1777337  ,1,,,,,,00047,4 ,12,2018,5,07,08,77 ,0 ,02,1,009,  ,1,0,0, ,000900100S00        ,42,22,49.2900000,-124,25,16.7200000,0 ,  ,01005          ,01802          ,1   ,    ,9,331.07 ,55,1,0,3,0,0,0,0 ,2 , ,04,H,6,4,3,2,1,004,1,1,   ,   ,   ,27,02,  ,0,0,0,0,0,0, ,5,US,101  ,3,07 ,293_23408                     ,                    ,0,2,0,1,1,0,2,0,0,0,0,0,0,0,0,0,0,0,2,2,2,0,0
1777337  ,2,3349811  ,,,1 ,,,,,,,,,,,,,,,,,,,,,,,,,,,,,,,,,,,,,,,,,,,,,,,,,,,,,,,,,,,,,,,,,,,,,,,,,,,,,,,,,,,,,,,,,,,,,,,,,1,0,01,0,0,3,1,3,000,00,  ,  ,   ,   ,   ,0,0,1 ,0 ,0 ,1 ,1
1777337  ,3,3349811  ,3815570  ,1 ,01,1 ,,,,,,,,,,,,,,,,,,,,,,,,,,,,,,,,,,,,,,,,,,,,,,,,,,,,,,,,,,,,,,,,,,,,,,,,,,,,,,,,,,,,,,,,,,,,,,,,,,,,,,,,,,,,,,,,,,,,,,1,0,0,1,25,1,1,3,2,1, , , ,  ,038,016,028,004,27,02,  ,   ,   ,   ,86,0,0,0
1777337  ,2,3349812  ,,,2 ,,,,,,,,,,,,,,,,,,,,,,,,,,,,,,,,,,,,,,,,,,,,,,,,,,,,,,,,,,,,,,,,,,,,,,,,,,,,,,,,,,,,,,,,,,,,,,,,,1,0,01,0,0,1,5,1,000,00,  ,  ,   ,   ,   ,0,0,1 ,0 ,0 ,1 ,0
1777337  ,3,3349812  ,3815571  ,2 ,02,1 ,,,,,,,,,,,,,,,,,,,,,,,,,,,,,,,,,,,,,,,,,,,,,,,,,,,,,,,,,,,,,,,,,,,,,,,,,,,,,,,,,,,,,,,,,,,,,,,,,,,,,,,,,,,,,,,,,,,,,,1,0,0,2,40,1,1,2,2,1, , , ,  ,000,000,   ,   ,00,  ,  ,   ,   ,   ,86,0,0,0
1777338  ,1,,,,,,00049,4 ,22,2018,1,16,08,0  ,11,14,1,009,  ,1,0,0, ,000900100S00        ,42,2 ,7.8400000,-124,14,31.1300000,0 ,  ,               ,               ,    ,    ,0,359.96 ,55,3,0, ,0,0,0,5 ,  ,0,05,E,3,4,1,1,1,099,1,1,   ,   ,   ,27,29,  ,0,0,0,0,0,0, ,8,US,101  ,3,07 ,293_190                       ,                    ,0,2,0,0,5,0,5,1,0,0,0,0,0,0,0,0,0,0,5,5,5,0,0
1777338  ,2,3349813  ,,,1 ,,,,,,,,,,,,,,,,,,,,,,,,,,,,,,,,,,,,,,,,,,,,,,,,,,,,,,,,,,,,,,,,,,,,,,,,,,,,,,,,,,,,,,,,,,,,,,,,,1,0,01,0,0,1,1,5,000,00,  ,  ,   ,   ,   ,0,0,4 ,0 ,0 ,4 ,1
1777338  ,3,3349813  ,3815572  ,1 ,01,1 ,,,,,,,,,,,,,,,,,,,,,,,,,,,,,,,,,,,,,,,,,,,,,,,,,,,,,,,,,,,,,,,,,,,,,,,,,,,,,,,,,,,,,,,,,,,,,,,,,,,,,,,,,,,,,,,,,,,,,,1,0,0,1,29,1,2,3,2,1, , , ,  ,038,016,026,   ,27,29,  ,   ,   ,   ,  ,9,9,0
1777338  ,3,3349813  ,3815573  ,2 ,01,2 ,,,,,,,,,,,,,,,,,,,,,,,,,,,,,,,,,,,,,,,,,,,,,,,,,,,,,,,,,,,,,,,,,,,,,,,,,,,,,,,,,,,,,,,,,,,,,,,,,,,,,,,,,,,,,,,,,,,,,,2,0,0,2,29, , ,3,2,1, , , ,  ,000,000,   ,   ,00,  ,  ,   ,   ,   ,  , , ,0
1777338  ,3,3349813  ,3815574  ,3 ,01,3 ,,,,,,,,,,,,,,,,,,,,,,,,,,,,,,,,,,,,,,,,,,,,,,,,,,,,,,,,,,,,,,,,,,,,,,,,,,,,,,,,,,,,,,,,,,,,,,,,,,,,,,,,,,,,,,,,,,,,,,2,0,0,1,09, , ,3,2,1, , , ,  ,000,000,   ,   ,00,  ,  ,   ,   ,   ,  , , ,0
1777338  ,3,3349813  ,3815575  ,4 ,01,4 ,,,,,,,,,,,,,,,,,,,,,,,,,,,,,,,,,,,,,,,,,,,,,,,,,,,,,,,,,,,,,,,,,,,,,,,,,,,,,,,,,,,,,,,,,,,,,,,,,,,,,,,,,,,,,,,,,,,,,,2,0,0,2,04, , ,3,2,1, , , ,  ,000,000,   ,   ,00,  ,  ,   ,   ,   ,  , , ,0
1777338  ,2,3349814  ,,,2 ,,,,,,,,,,,,,,,,,,,,,,,,,,,,,,,,,,,,,,,,,,,,,,,,,,,,,,,,,,,,,,,,,,,,,,,,,,,,,,,,,,,,,,,,,,,,,,,,,1,0,01,0,0,6,1,5,012,00,  ,  ,   ,   ,   ,0,0,1 ,0 ,0 ,1 ,0
1777338  ,3,3349814  ,3815576  ,5 ,02,1 ,,,,,,,,,,,,,,,,,,,,,,,,,,,,,,,,,,,,,,,,,,,,,,,,,,,,,,,,,,,,,,,,,,,,,,,,,,,,,,,,,,,,,,,,,,,,,,,,,,,,,,,,,,,,,,,,,,,,,,1,0,0,1,46,1,1,3,2,0, , , ,  ,000,000,   ,   ,00,  ,  ,   ,   ,   ,  ,0,0,0
1777341  ,1,,,,,,00051,4 ,24,2018,3,17,08,77 ,0 ,02,1,009,  ,1,0,0, ,000900100S00        ,42,24,44.8300000,-124,25,14.1300000,0 ,  ,01802          ,08003          ,1   ,    ,3,328.83 ,30,1,0,3,0,0,0,0 ,0 , ,06,F,-,4,1,1,1,004,1,0,   ,   ,   ,10,  ,  , , ,0,0,0,0, ,5,US,101  ,3,07 ,293_16398                     ,                    ,0,3,0,0,0,1,1,0,3,0,0,0,0,0,0,0,0,0,4,4,3,0,1
1777341  ,2,3349820  ,,,1 ,,,,,,,,,,,,,,,,,,,,,,,,,,,,,,,,,,,,,,,,,,,,,,,,,,,,,,,,,,,,,,,,,,,,,,,,,,,,,,,,,,,,,,,,,,,,,,,,,1,0,01,0,0,5,7,3,000,00,  ,  ,   ,   ,   ,0,0,2 ,0 ,0 ,2 ,1
1777341  ,3,3349820  ,3815583  ,1 ,01,1 ,,,,,,,,,,,,,,,,,,,,,,,,,,,,,,,,,,,,,,,,,,,,,,,,,,,,,,,,,,,,,,,,,,,,,,,,,,,,,,,,,,,,,,,,,,,,,,,,,,,,,,,,,,,,,,,,,,,,,,1,0,0,1,74,1,1,9,2,0, , , ,  ,000,011,   ,   ,10,  ,  ,   ,   ,   ,  , , ,0
1777341  ,2,3349821  ,,,2 ,,,,,,,,,,,,,,,,,,,,,,,,,,,,,,,,,,,,,,,,,,,,,,,,,,,,,,,,,,,,,,,,,,,,,,,,,,,,,,,,,,,,,,,,,,,,,,,,,9,0,01,0,0,5,7,3,000,00,  ,  ,   ,   ,   ,0,0,0 ,0 ,1 ,1 ,0
1777341  ,3,3349821  ,3815584  ,2 ,02,1 ,,,,,,,,,,,,,,,,,,,,,,,,,,,,,,,,,,,,,,,,,,,,,,,,,,,,,,,,,,,,,,,,,,,,,,,,,,,,,,,,,,,,,,,,,,,,,,,,,,,,,,,,,,,,,,,,,,,,,,1,0,0,9,00,9,9,9,9, , , , ,  ,000,000,   ,   ,00,  ,  ,   ,   ,   ,  , , ,0
1777341  ,2,3349822  ,,,3 ,,,,,,,,,,,,,,,,,,,,,,,,,,,,,,,,,,,,,,,,,,,,,,,,,,,,,,,,,,,,,,,,,,,,,,,,,,,,,,,,,,,,,,,,,,,,,,,,,1,0,01,0,0,1,3,7,022,00,  ,  ,   ,   ,   ,0,0,1 ,0 ,0 ,1 ,0
1777341  ,3,3349822  ,3815585  ,3 ,03,1 ,,,,,,,,,,,,,,,,,,,,,,,,,,,,,,,,,,,,,,,,,,,,,,,,,,,,,,,,,,,,,,,,,,,,,,,,,,,,,,,,,,,,,,,,,,,,,,,,,,,,,,,,,,,,,,,,,,,,,,1,0,0,1,60,1,1,4,2,0, , , ,  ,000,000,   ,   ,00,  ,  ,   ,   ,   ,  , , ,0
1777429  ,1,,,,,,00050,4 ,24,2018,3,14,08,77 ,0 ,09,0,   ,  , , , , ,                    ,42,25,14.1700000,-124,25,7.7900000,0 ,  ,00108          ,00116          ,1   ,0   ,9,       ,25,1,0,3,0,0,1,0 ,0 , ,03,H,6,4,1,1,1,004,1,3,   ,   ,   ,27,02,  ,0,0,0,0,0,0, ,7,  ,     ,3,07 ,42_8000783                    ,                    ,0,2,0,1,1,0,2,0,1,0,0,0,0,0,0,0,0,0,3,3,3,0,0
1777429  ,2,3349987  ,,,1 ,,,,,,,,,,,,,,,,,,,,,,,,,,,,,,,,,,,,,,,,,,,,,,,,,,,,,,,,,,,,,,,,,,,,,,,,,,,,,,,,,,,,,,,,,,,,,,,,,1,0,01,0,0,1,8,4,019,00,  ,  ,   ,   ,   ,0,0,2 ,0 ,0 ,2 ,1
1777429  ,3,3349987  ,3815777  ,1 ,01,1 ,,,,,,,,,,,,,,,,,,,,,,,,,,,,,,,,,,,,,,,,,,,,,,,,,,,,,,,,,,,,,,,,,,,,,,,,,,,,,,,,,,,,,,,,,,,,,,,,,,,,,,,,,,,,,,,,,,,,,,1,0,0,1,81,1,1,2,2,1, , , ,  ,000,000,   ,   ,00,  ,  ,   ,   ,   ,  ,0,0,0
1777429  ,3,3349987  ,3815778  ,2 ,01,2 ,,,,,,,,,,,,,,,,,,,,,,,,,,,,,,,,,,,,,,,,,,,,,,,,,,,,,,,,,,,,,,,,,,,,,,,,,,,,,,,,,,,,,,,,,,,,,,,,,,,,,,,,,,,,,,,,,,,,,,2,0,0,2,89, , ,3,2,1, , , ,  ,000,000,   ,   ,00,  ,  ,   ,   ,   ,  , , ,0
1777429  ,2,3349988  ,,,2 ,,,,,,,,,,,,,,,,,,,,,,,,,,,,,,,,,,,,,,,,,,,,,,,,,,,,,,,,,,,,,,,,,,,,,,,,,,,,,,,,,,,,,,,,,,,,,,,,,1,0,01,0,0,3,4,5,000,00,  ,  ,   ,   ,   ,0,0,1 ,0 ,0 ,1 ,0
1777429  ,3,3349988  ,3815779  ,3 ,02,1 ,,,,,,,,,,,,,,,,,,,,,,,,,,,,,,,,,,,,,,,,,,,,,,,,,,,,,,,,,,,,,,,,,,,,,,,,,,,,,,,,,,,,,,,,,,,,,,,,,,,,,,,,,,,,,,,,,,,,,,1,0,0,1,71,1,1,9,2, , , , ,  ,038,016,028,   ,27,02,  ,   ,   ,   ,  ,0,0,0
1779431  ,1,,,,,,00004,1 ,16,2018,3,17,08,22 ,11,14,1,009,  ,1,0,0, ,000900100S00        ,42,5 ,24.8600000,-124,19,53.4000000,0 ,  ,01803          ,00127          ,1   ,    ,4,353.48 ,55,7,1, ,0,0,0,2 ,  ,0,06,8,9,4,1,1,5,099,1,1,043,   ,   ,17,  ,  ,0,0,0,0,0,0, ,4,US,101  ,3,07 ,293_22576                     ,                    ,0,2,0,0,0,1,1,0,2,0,0,0,0,0,0,0,0,0,3,3,3,0,0
1779431  ,2,3353786  ,,,1 ,,,,,,,,,,,,,,,,,,,,,,,,,,,,,,,,,,,,,,,,,,,,,,,,,,,,,,,,,,,,,,,,,,,,,,,,,,,,,,,,,,,,,,,,,,,,,,,,,1,0,01,0,0,1,4,8,000,00,  ,  ,043,   ,   ,0,0,1 ,0 ,0 ,1 ,1
1779431  ,3,3353786  ,3820602  ,1 ,01,1 ,,,,,,,,,,,,,,,,,,,,,,,,,,,,,,,,,,,,,,,,,,,,,,,,,,,,,,,,,,,,,,,,,,,,,,,,,,,,,,,,,,,,,,,,,,,,,,,,,,,,,,,,,,,,,,,,,,,,,,1,0,0,1,70,1,1,9,2,1, , , ,  ,028,081,   ,   ,17,  ,  ,   ,   ,   ,86,0,0,0
1779431  ,2,3353787  ,,,2 ,,,,,,,,,,,,,,,,,,,,,,,,,,,,,,,,,,,,,,,,,,,,,,,,,,,,,,,,,,,,,,,,,,,,,,,,,,,,,,,,,,,,,,,,,,,,,,,,,1,0,01,0,0,1,4,8,022,00,  ,  ,   ,   ,   ,0,0,2 ,0 ,0 ,2 ,0
1779431  ,3,3353787  ,3820603  ,2 ,02,1 ,,,,,,,,,,,,,,,,,,,,,,,,,,,,,,,,,,,,,,,,,,,,,,,,,,,,,,,,,,,,,,,,,,,,,,,,,,,,,,,,,,,,,,,,,,,,,,,,,,,,,,,,,,,,,,,,,,,,,,1,0,0,2,42,1,1,4,2,0, , , ,  ,000,000,   ,   ,00,  ,  ,   ,   ,   ,86,0,0,0
1783379  ,1,,,,,,00226,12,28,2018,6,02,08,0  ,0 ,02,1,009,  ,1,0,0, ,000900100S00        ,42,53,36.1900000,-124,27,42.9900000,0 ,  ,               ,               ,    ,    ,0,290.20 ,55,7,1, ,0,0,0,2 ,  ,0,01,&,8,2,2,2,3,099,1,1,053,128,   ,16,  ,  ,0,0,0,0,0,0, ,5,US,101  ,3,07 ,293_10738                     ,                    ,0,1,1,0,0,1,1,0,0,0,0,0,0,0,0,0,0,0,2,2,2,0,0
1783379  ,2,3361154  ,,,1 ,,,,,,,,,,,,,,,,,,,,,,,,,,,,,,,,,,,,,,,,,,,,,,,,,,,,,,,,,,,,,,,,,,,,,,,,,,,,,,,,,,,,,,,,,,,,,,,,,1,0,01,0,0,1,1,5,000,00,  ,  ,053,128,   ,0,0,2 ,0 ,0 ,2 ,1
1783379  ,3,3361154  ,3829956  ,1 ,01,1 ,,,,,,,,,,,,,,,,,,,,,,,,,,,,,,,,,,,,,,,,,,,,,,,,,,,,,,,,,,,,,,,,,,,,,,,,,,,,,,,,,,,,,,,,,,,,,,,,,,,,,,,,,,,,,,,,,,,,,,1,0,0,1,26,1,1,4,2, , , , ,  ,025,081,   ,   ,16,  ,  ,   ,   ,   ,86,0,0,0
1783379  ,3,3361154  ,3829957  ,2 ,01,2 ,,,,,,,,,,,,,,,,,,,,,,,,,,,,,,,,,,,,,,,,,,,,,,,,,,,,,,,,,,,,,,,,,,,,,,,,,,,,,,,,,,,,,,,,,,,,,,,,,,,,,,,,,,,,,,,,,,,,,,2,0,0,2,24, , ,1,2, , , , ,  ,000,000,   ,   ,00,  ,  ,   ,   ,   ,  , , ,0
1789480  ,1,,,,,,00060,5 ,6 ,2018,1,17,08,0  ,0 ,02,1,009,  ,1,0,0, ,000900100S00        ,42,44,12.2700000,-124,28,30.3100000,0 ,  ,               ,               ,    ,    ,0,302.37 ,55,5,1, ,0,0,0,2 ,  ,0,06,8,9,4,1,1,1,099,1,1,060,   ,   ,27,  ,  ,0,0,0,0,0,0, ,5,US,101  ,3,07 ,293_5000                      ,                    ,0,1,0,0,1,0,1,0,0,0,0,0,0,0,0,0,0,0,1,1,1,0,0
1789480  ,2,3372748  ,,,1 ,,,,,,,,,,,,,,,,,,,,,,,,,,,,,,,,,,,,,,,,,,,,,,,,,,,,,,,,,,,,,,,,,,,,,,,,,,,,,,,,,,,,,,,,,,,,,,,,,1,0,09,0,0,1,5,1,000,00,  ,  ,060,   ,   ,0,0,1 ,0 ,0 ,1 ,1
1789480  ,3,3372748  ,3844511  ,1 ,01,1 ,,,,,,,,,,,,,,,,,,,,,,,,,,,,,,,,,,,,,,,,,,,,,,,,,,,,,,,,,,,,,,,,,,,,,,,,,,,,,,,,,,,,,,,,,,,,,,,,,,,,,,,,,,,,,,,,,,,,,,1,0,0,1,30,2,4,3,6, , , , ,  ,038,016,081,   ,27,  ,  ,   ,   ,   ,86,0,0,0
1789488  ,1,,,,,,00074,5 ,15,2018,3,07,08,22 ,11,17,0,   ,  , , , , ,                    ,42,3 ,30.7100000,-124,16,57.8500000,0 ,  ,00702          ,00801          ,1   ,335 ,3,       ,20,3,0, ,0,0,0,2 ,  ,0,08,3,0,4,1,1,1,011,1,3,   ,   ,   ,27,02,  ,1, ,0,0,0,0, ,3,  ,     ,3,07 ,42_8000480                    ,                    ,0,1,0,0,0,1,1,1,2,1,0,1,0,0,0,0,0,0,2,3,2,0,0
1789488  ,2,3372766  ,,,1 ,,,,,,,,,,,,,,,,,,,,,,,,,,,,,,,,,,,,,,,,,,,,,,,,,,,,,,,,,,,,,,,,,,,,,,,,,,,,,,,,,,,,,,,,,,,,,,,,,1,0,01,0,0,1,3,7,000,00,  ,  ,   ,   ,   ,0,0,2 ,0 ,0 ,2 ,1
1789488  ,3,3372766  ,3844536  ,1 ,01,1 ,,,,,,,,,,,,,,,,,,,,,,,,,,,,,,,,,,,,,,,,,,,,,,,,,,,,,,,,,,,,,,,,,,,,,,,,,,,,,,,,,,,,,,,,,,,,,,,,,,,,,,,,,,,,,,,,,,,,,,1,0,0,2,24,2,1,9,2,0, , , ,  ,000,000,   ,   ,00,  ,  ,   ,   ,   ,86,0,0,0
1789488  ,3,3372766  ,3844537  ,2 ,01,2 ,,,,,,,,,,,,,,,,,,,,,,,,,,,,,,,,,,,,,,,,,,,,,,,,,,,,,,,,,,,,,,,,,,,,,,,,,,,,,,,,,,,,,,,,,,,,,,,,,,,,,,,,,,,,,,,,,,,,,,2,0,0,2,04, , ,9,4,0, , , ,  ,000,000,   ,   ,00,  ,  ,   ,   ,   ,  , , ,0
1789488  ,3,0        ,3844538  ,3 ,  ,1 ,,,,,,,,,,,,,,,,,,,,,,,,,,,,,,,,,,,,,,,,,,,,,,,,,,,,,,,,,,,,,,,,,,,,,,,,,,,,,,,,,,,,,,,,,,,,,,,,,,,,,,,,,,,,,,,,,,,,,,3,0,0,1,08, , ,4, , ,1,5,1,15,037,016,028,   ,27,02,  ,   ,   ,   ,  , , ,0
1789491  ,1,,,,,,00077,5 ,19,2018,7,12,08,0  ,0 ,02,1,009,  ,1,0,0, ,000900100S00        ,42,8 ,24.6400000,-124,21,8.4300000,0 ,  ,               ,               ,    ,    ,1,349.75 ,55,1,0,3,0,0,0,0 ,0 , ,06,E,3,4,2,1,1,099,1,1,   ,   ,   ,27,29,  ,0,0,0,0,0,0, ,5,US,101  ,3,07 ,293_16404                     ,                    ,0,2,0,0,1,1,2,0,1,0,0,0,0,0,0,0,0,0,3,3,3,0,0
1789491  ,2,3372769  ,,,1 ,,,,,,,,,,,,,,,,,,,,,,,,,,,,,,,,,,,,,,,,,,,,,,,,,,,,,,,,,,,,,,,,,,,,,,,,,,,,,,,,,,,,,,,,,,,,,,,,,1,0,01,0,0,1,1,5,000,00,  ,  ,   ,   ,   ,0,0,2 ,0 ,0 ,2 ,1
1789491  ,3,3372769  ,3844541  ,1 ,01,1 ,,,,,,,,,,,,,,,,,,,,,,,,,,,,,,,,,,,,,,,,,,,,,,,,,,,,,,,,,,,,,,,,,,,,,,,,,,,,,,,,,,,,,,,,,,,,,,,,,,,,,,,,,,,,,,,,,,,,,,1,0,0,2,69,2,4,3,2,1, , , ,  ,038,016,026,   ,27,29,  ,   ,   ,   ,  ,0,0,0
1789491  ,2,3372770  ,,,2 ,,,,,,,,,,,,,,,,,,,,,,,,,,,,,,,,,,,,,,,,,,,,,,,,,,,,,,,,,,,,,,,,,,,,,,,,,,,,,,,,,,,,,,,,,,,,,,,,,1,0,01,0,0,6,1,5,012,00,  ,  ,   ,   ,   ,0,0,1 ,0 ,0 ,1 ,0
1789491  ,3,3372770  ,3844542  ,2 ,02,1 ,,,,,,,,,,,,,,,,,,,,,,,,,,,,,,,,,,,,,,,,,,,,,,,,,,,,,,,,,,,,,,,,,,,,,,,,,,,,,,,,,,,,,,,,,,,,,,,,,,,,,,,,,,,,,,,,,,,,,,1,0,0,2,25,1,1,4,2,0, , , ,  ,000,000,   ,   ,00,  ,  ,   ,   ,   ,  ,0,0,0
1789493  ,1,,,,,,00080,5 ,27,2018,1,13,08,0  ,0 ,06,0,   ,  , , , , ,                    ,42,27,20.7500000,-124,22,13.9000000,0 ,  ,00595          ,               ,    ,    ,0,3.66   ,45,5,1, ,0,0,0,2 ,  ,0,07,8,9,4,1,1,1,000,1,2,062,079,   ,10,  ,  ,0,0,0,0,0,0, ,6,  ,     ,3,07 ,42_8001112                    ,                    ,0,1,0,0,0,2,2,2,1,0,0,0,0,0,0,0,0,0,3,3,3,0,0
1789493  ,2,3372773  ,,,1 ,,,,,,,,,,,,,,,,,,,,,,,,,,,,,,,,,,,,,,,,,,,,,,,,,,,,,,,,,,,,,,,,,,,,,,,,,,,,,,,,,,,,,,,,,,,,,,,,,1,0,01,0,0,1,5,1,000,00,  ,  ,062,079,   ,0,0,3 ,0 ,0 ,3 ,1
1789493  ,3,3372773  ,3844547  ,1 ,01,1 ,,,,,,,,,,,,,,,,,,,,,,,,,,,,,,,,,,,,,,,,,,,,,,,,,,,,,,,,,,,,,,,,,,,,,,,,,,,,,,,,,,,,,,,,,,,,,,,,,,,,,,,,,,,,,,,,,,,,,,1,0,0,2,23,1,1,9,2,0, , , ,  ,000,083,   ,   ,10,  ,  ,   ,   ,   ,86,0,0,0
1789493  ,3,3372773  ,3844548  ,2 ,01,2 ,,,,,,,,,,,,,,,,,,,,,,,,,,,,,,,,,,,,,,,,,,,,,,,,,,,,,,,,,,,,,,,,,,,,,,,,,,,,,,,,,,,,,,,,,,,,,,,,,,,,,,,,,,,,,,,,,,,,,,2,0,0,1,01, , ,4,4,0, , , ,  ,000,000,   ,   ,00,  ,  ,   ,   ,   ,  , , ,0
1789493  ,3,3372773  ,3844549  ,3 ,01,3 ,,,,,,,,,,,,,,,,,,,,,,,,,,,,,,,,,,,,,,,,,,,,,,,,,,,,,,,,,,,,,,,,,,,,,,,,,,,,,,,,,,,,,,,,,,,,,,,,,,,,,,,,,,,,,,,,,,,,,,2,0,0,1,03, , ,4,4,0, , , ,  ,000,000,   ,   ,00,  ,  ,   ,   ,   ,  , , ,0
1789494  ,1,,,,,,00081,5 ,27,2018,1,12,08,22 ,11,14,1,009,  ,1,0,0, ,000900100S00        ,42,3 ,50.6000000,-124,18,10.4000000,0 ,  ,00403          ,01903          ,1   ,    ,8,355.85 ,35,7,0, ,0,0,0,2 ,  ,0,03,C,3,4,1,1,1,000,1,3,087,   ,   ,07,  ,  ,0,0,0,0,0,0, ,4,US,101  ,3,07 ,293_9672                      ,                    ,0,2,0,0,0,1,1,1,3,0,0,0,0,0,0,0,0,0,4,4,4,0,0
1789494  ,2,3372774  ,,,1 ,,,,,,,,,,,,,,,,,,,,,,,,,,,,,,,,,,,,,,,,,,,,,,,,,,,,,,,,,,,,,,,,,,,,,,,,,,,,,,,,,,,,,,,,,,,,,,,,,1,0,09,0,0,1,8,4,000,00,  ,  ,087,   ,   ,0,0,1 ,0 ,0 ,1 ,1
1789494  ,3,3372774  ,3844550  ,1 ,01,1 ,,,,,,,,,,,,,,,,,,,,,,,,,,,,,,,,,,,,,,,,,,,,,,,,,,,,,,,,,,,,,,,,,,,,,,,,,,,,,,,,,,,,,,,,,,,,,,,,,,,,,,,,,,,,,,,,,,,,,,1,0,0,1,63,2,4,4,6, , , , ,  ,000,043,   ,   ,07,  ,  ,   ,   ,   ,  ,0,0,0
1789494  ,2,3372775  ,,,2 ,,,,,,,,,,,,,,,,,,,,,,,,,,,,,,,,,,,,,,,,,,,,,,,,,,,,,,,,,,,,,,,,,,,,,,,,,,,,,,,,,,,,,,,,,,,,,,,,,1,0,01,0,0,1,8,4,006,00,  ,  ,   ,   ,   ,0,0,3 ,0 ,0 ,3 ,0
1789494  ,3,3372775  ,3844551  ,2 ,02,1 ,,,,,,,,,,,,,,,,,,,,,,,,,,,,,,,,,,,,,,,,,,,,,,,,,,,,,,,,,,,,,,,,,,,,,,,,,,,,,,,,,,,,,,,,,,,,,,,,,,,,,,,,,,,,,,,,,,,,,,1,0,0,1,38,1,1,9,2,0, , , ,  ,000,000,   ,   ,00,  ,  ,   ,   ,   ,  ,0,0,0
1789494  ,3,3372775  ,3844552  ,3 ,02,2 ,,,,,,,,,,,,,,,,,,,,,,,,,,,,,,,,,,,,,,,,,,,,,,,,,,,,,,,,,,,,,,,,,,,,,,,,,,,,,,,,,,,,,,,,,,,,,,,,,,,,,,,,,,,,,,,,,,,,,,2,0,0,2,04, , ,9,4,0, , , ,  ,000,000,   ,   ,00,  ,  ,   ,   ,   ,  , , ,0
1789497  ,1,,,,,,00082,5 ,28,2018,2,21,08,0  ,0 ,02,1,009,  ,1,0,0, ,000900100S00        ,42,21,34.5400000,-124,24,49.6500000,0 ,  ,               ,               ,    ,    ,0,332.59 ,55,7,1, ,0,0,0,3 ,  ,0,01,8,9,4,1,1,3,099,1,1,079,010,035,27,17,33,0,0,1,1,0,0, ,5,US,101  ,3,07 ,293_23410                     ,                    ,0,1,0,0,1,2,3,1,0,0,0,0,0,0,0,0,0,0,3,3,3,0,0
1789497  ,2,3372780  ,,,1 ,,,,,,,,,,,,,,,,,,,,,,,,,,,,,,,,,,,,,,,,,,,,,,,,,,,,,,,,,,,,,,,,,,,,,,,,,,,,,,,,,,,,,,,,,,,,,,,,,1,0,01,0,0,1,1,5,007,00,  ,  ,079,010,035,0,0,3 ,0 ,0 ,3 ,1
1789497  ,3,3372780  ,3844558  ,1 ,01,1 ,,,,,,,,,,,,,,,,,,,,,,,,,,,,,,,,,,,,,,,,,,,,,,,,,,,,,,,,,,,,,,,,,,,,,,,,,,,,,,,,,,,,,,,,,,,,,,,,,,,,,,,,,,,,,,,,,,,,,,1,0,0,1,30,1,2,3,2,1, , , ,  ,038,016,051,   ,27,17,33,   ,   ,   ,87,1,1,0
1789497  ,3,3372780  ,3844559  ,2 ,01,2 ,,,,,,,,,,,,,,,,,,,,,,,,,,,,,,,,,,,,,,,,,,,,,,,,,,,,,,,,,,,,,,,,,,,,,,,,,,,,,,,,,,,,,,,,,,,,,,,,,,,,,,,,,,,,,,,,,,,,,,2,0,0,2,27, , ,4,2,1, , , ,  ,000,000,   ,   ,00,  ,  ,   ,   ,   ,  ,9,9,0
1789497  ,3,3372780  ,3844560  ,3 ,01,3 ,,,,,,,,,,,,,,,,,,,,,,,,,,,,,,,,,,,,,,,,,,,,,,,,,,,,,,,,,,,,,,,,,,,,,,,,,,,,,,,,,,,,,,,,,,,,,,,,,,,,,,,,,,,,,,,,,,,,,,2,0,0,2,03, , ,4,4,0, , , ,  ,000,000,   ,   ,00,  ,  ,   ,   ,   ,  , , ,0
1789501  ,1,,,,,,00083,5 ,28,2018,2,17,08,0  ,0 ,07,0,   ,  , , , , ,                    ,42,45,55.6600000,-124,25,57.2400000,0 ,  ,00208          ,               ,    ,    ,0,3.99   ,55,5,1, ,0,0,0,2 ,  ,0,07,8,9,4,1,1,1,000,1,2,079,   ,   ,01,32,  ,0,0,0,0,1,0, ,6,  ,     ,3,07 ,42_8000549                    ,                    ,0,1,0,0,1,1,2,0,0,0,0,0,0,0,0,0,0,0,2,2,2,0,0
1789501  ,2,3372786  ,,,1 ,,,,,,,,,,,,,,,,,,,,,,,,,,,,,,,,,,,,,,,,,,,,,,,,,,,,,,,,,,,,,,,,,,,,,,,,,,,,,,,,,,,,,,,,,,,,,,,,,1,0,01,0,0,1,3,7,000,00,  ,  ,079,   ,   ,0,0,2 ,0 ,0 ,2 ,1
1789501  ,3,3372786  ,3844568  ,1 ,01,1 ,,,,,,,,,,,,,,,,,,,,,,,,,,,,,,,,,,,,,,,,,,,,,,,,,,,,,,,,,,,,,,,,,,,,,,,,,,,,,,,,,,,,,,,,,,,,,,,,,,,,,,,,,,,,,,,,,,,,,,1,0,0,2,16,8,1,3,2,0, , , ,  ,017,047,052,   ,01,32,  ,   ,   ,   ,86,0,0,0
1789501  ,3,3372786  ,3844569  ,2 ,01,2 ,,,,,,,,,,,,,,,,,,,,,,,,,,,,,,,,,,,,,,,,,,,,,,,,,,,,,,,,,,,,,,,,,,,,,,,,,,,,,,,,,,,,,,,,,,,,,,,,,,,,,,,,,,,,,,,,,,,,,,2,0,0,1,16, , ,4,2, , , , ,  ,000,000,   ,   ,00,  ,  ,   ,   ,   ,  ,0,0,0
1789505  ,1,,,,,,00087,5 ,30,2018,4,09,08,22 ,11,14,1,009,  ,1,0,0, ,000900100S00        ,42,3 ,8.2500000,-124,16,56.8400000,0 ,  ,00403          ,02601          ,1   ,    ,5,357.25 ,25,3,0, ,0,0,0,4 ,  ,0,06,3,0,4,1,1,1,099,1,3,   ,   ,   ,27,02,  , , ,0,0,0,0, ,4,US,101  ,3,07 ,293_17284                     ,                    ,0,1,0,0,0,1,1,0,2,1,0,1,0,0,0,0,0,0,2,3,2,0,0
1789505  ,2,3372792  ,,,1 ,,,,,,,,,,,,,,,,,,,,,,,,,,,,,,,,,,,,,,,,,,,,,,,,,,,,,,,,,,,,,,,,,,,,,,,,,,,,,,,,,,,,,,,,,,,,,,,,,1,0,01,0,0,1,5,1,000,00,  ,  ,   ,   ,   ,0,0,2 ,0 ,0 ,2 ,1
1789505  ,3,3372792  ,3844576  ,1 ,01,1 ,,,,,,,,,,,,,,,,,,,,,,,,,,,,,,,,,,,,,,,,,,,,,,,,,,,,,,,,,,,,,,,,,,,,,,,,,,,,,,,,,,,,,,,,,,,,,,,,,,,,,,,,,,,,,,,,,,,,,,1,0,0,1,76,1,1,9,2, , , , ,  ,000,029,   ,   ,02,  ,  ,   ,   ,   ,  ,0,0,0
1789505  ,3,0        ,3844577  ,2 ,  ,1 ,,,,,,,,,,,,,,,,,,,,,,,,,,,,,,,,,,,,,,,,,,,,,,,,,,,,,,,,,,,,,,,,,,,,,,,,,,,,,,,,,,,,,,,,,,,,,,,,,,,,,,,,,,,,,,,,,,,,,,3,0,0,2,27, , ,4, , ,1,3,7,15,037,000,   ,   ,00,  ,  ,   ,   ,   ,  ,0,0,0
1789506  ,1,,,,,,00089,5 ,9 ,2018,4,18,08,0  ,11,14,1,009,  ,1,0,0, ,000900100S00        ,42,2 ,34.3600000,-124,15,2.8900000,0 ,  ,               ,               ,    ,    ,0,359.27 ,45,2,1, ,0,0,0,4 ,  ,0,07,3,0,4,1,1,1,099,1,5,   ,   ,   ,02,  ,  , , ,0,0,0,0, ,8,US,101  ,3,07 ,293_18556                     ,                    ,0,1,0,0,0,1,1,0,1,1,0,1,0,0,0,0,0,0,1,2,0,0,1
1789506  ,2,3372793  ,,,1 ,,,,,,,,,,,,,,,,,,,,,,,,,,,,,,,,,,,,,,,,,,,,,,,,,,,,,,,,,,,,,,,,,,,,,,,,,,,,,,,,,,,,,,,,,,,,,,,,,1,0,01,0,0,2,5,3,019,00,  ,  ,   ,   ,   ,0,0,0 ,0 ,1 ,1 ,1
1789506  ,3,3372793  ,3844578  ,1 ,01,1 ,,,,,,,,,,,,,,,,,,,,,,,,,,,,,,,,,,,,,,,,,,,,,,,,,,,,,,,,,,,,,,,,,,,,,,,,,,,,,,,,,,,,,,,,,,,,,,,,,,,,,,,,,,,,,,,,,,,,,,1,0,0,2,67,1,9,9,9, , , , ,  ,000,029,   ,   ,02,  ,  ,   ,   ,   ,  , , ,0
1789506  ,3,0        ,3844579  ,2 ,  ,1 ,,,,,,,,,,,,,,,,,,,,,,,,,,,,,,,,,,,,,,,,,,,,,,,,,,,,,,,,,,,,,,,,,,,,,,,,,,,,,,,,,,,,,,,,,,,,,,,,,,,,,,,,,,,,,,,,,,,,,,4,0,0,2,00, , ,4, , ,1,1,5,14,047,000,   ,   ,00,  ,  ,   ,   ,   ,  , , ,0
1791985  ,1,,,,,,00100,6 ,5 ,2018,3,17,08,22 ,11,14,1,009,  ,1,0,0, ,000900100S00        ,42,3 ,24.8400000,-124,17,49.0800000,0 ,  ,00403          ,00102          ,1   ,    ,8,356.44 ,35,7,0, ,0,0,0,4 ,  ,0,06,3,0,4,2,1,1,000,1,3,   ,   ,   ,02,  ,  ,0,0,0,0,0,1, ,4,US,101  ,3,07 ,293_8585                      ,                    ,0,1,0,1,0,0,1,0,1,1,0,1,0,0,0,0,0,0,1,2,0,0,1
1791985  ,2,3377490  ,,,1 ,,,,,,,,,,,,,,,,,,,,,,,,,,,,,,,,,,,,,,,,,,,,,,,,,,,,,,,,,,,,,,,,,,,,,,,,,,,,,,,,,,,,,,,,,,,,,,,,,1,0,01,0,0,1,4,8,000,00,  ,  ,   ,   ,   ,0,1,0 ,0 ,1 ,1 ,1
1791985  ,3,3377490  ,3850561  ,1 ,01,1 ,,,,,,,,,,,,,,,,,,,,,,,,,,,,,,,,,,,,,,,,,,,,,,,,,,,,,,,,,,,,,,,,,,,,,,,,,,,,,,,,,,,,,,,,,,,,,,,,,,,,,,,,,,,,,,,,,,,,,,1,1,0,1,35,1,1,9,9, , , , ,  ,000,029,   ,   ,02,  ,  ,   ,   ,   ,  ,9,9,0
1791985  ,3,0        ,3850562  ,2 ,  ,1 ,,,,,,,,,,,,,,,,,,,,,,,,,,,,,,,,,,,,,,,,,,,,,,,,,,,,,,,,,,,,,,,,,,,,,,,,,,,,,,,,,,,,,,,,,,,,,,,,,,,,,,,,,,,,,,,,,,,,,,3,0,0,1,59, , ,2, , ,1,1,5,04,037,000,   ,   ,00,  ,  ,   ,   ,   ,  , , ,0
1793726  ,1,,,,,,00108,6 ,15,2018,6,13,08,0  ,0 ,09,0,   ,  , , , , ,                    ,42,12,42.3800000,-124,8 ,5.0400000,46,SISKYOU NF,NF1846         ,               ,    ,    ,0,2.00   ,  ,5,1, ,0,0,0,2 ,  ,0,00,8,9,4,1,1,1,000,1,2,079,001,   ,10,  ,  ,0,0,0,0,0,0, ,6,  ,     ,3,07 ,                              ,                    ,0,1,0,1,0,0,1,0,0,0,0,0,0,0,0,0,0,0,1,1,1,0,0
1793726  ,2,3380850  ,,,1 ,,,,,,,,,,,,,,,,,,,,,,,,,,,,,,,,,,,,,,,,,,,,,,,,,,,,,,,,,,,,,,,,,,,,,,,,,,,,,,,,,,,,,,,,,,,,,,,,,1,0,09,0,0,1,0,0,000,00,  ,  ,079,   ,   ,0,0,1 ,0 ,0 ,1 ,1
1793726  ,3,3380850  ,3854709  ,1 ,01,1 ,,,,,,,,,,,,,,,,,,,,,,,,,,,,,,,,,,,,,,,,,,,,,,,,,,,,,,,,,,,,,,,,,,,,,,,,,,,,,,,,,,,,,,,,,,,,,,,,,,,,,,,,,,,,,,,,,,,,,,1,0,0,1,27,1,2,2,6, , , , ,  ,000,081,   ,   ,10,  ,  ,001,   ,   ,  ,0,0,0
1793729  ,1,,,,,,00134,6 ,24,2018,1,13,08,22 ,11,14,1,009,  ,1,0,0, ,000900100S00        ,42,3 ,14.3200000,-124,16,36.5500000,0 ,  ,00101          ,00403          ,1   ,    ,9,357.57 ,25,1,0,3,0,0,0,0 ,0 , ,02,B,6,4,1,1,1,004,1,3,   ,   ,   ,02,  ,  ,0,0,0,0,0,0, ,4,US,101  ,3,07 ,293_20428                     ,                    ,0,2,0,0,0,1,1,0,1,0,0,0,0,0,0,0,0,0,2,2,1,0,1
1793729  ,2,3380854  ,,,1 ,,,,,,,,,,,,,,,,,,,,,,,,,,,,,,,,,,,,,,,,,,,,,,,,,,,,,,,,,,,,,,,,,,,,,,,,,,,,,,,,,,,,,,,,,,,,,,,,,1,0,01,0,0,2,4,2,000,00,  ,  ,   ,   ,   ,0,0,0 ,0 ,1 ,1 ,1
1793729  ,3,3380854  ,3854713  ,1 ,01,1 ,,,,,,,,,,,,,,,,,,,,,,,,,,,,,,,,,,,,,,,,,,,,,,,,,,,,,,,,,,,,,,,,,,,,,,,,,,,,,,,,,,,,,,,,,,,,,,,,,,,,,,,,,,,,,,,,,,,,,,1,0,0,1,32,2,4,9,9, , , , ,  ,000,028,   ,   ,02,  ,  ,   ,   ,   ,  ,0,0,0
1793729  ,2,3380855  ,,,2 ,,,,,,,,,,,,,,,,,,,,,,,,,,,,,,,,,,,,,,,,,,,,,,,,,,,,,,,,,,,,,,,,,,,,,,,,,,,,,,,,,,,,,,,,,,,,,,,,,1,0,01,0,0,1,6,2,000,00,  ,  ,   ,   ,   ,0,0,1 ,0 ,0 ,1 ,0
1793729  ,3,3380855  ,3854714  ,2 ,02,1 ,,,,,,,,,,,,,,,,,,,,,,,,,,,,,,,,,,,,,,,,,,,,,,,,,,,,,,,,,,,,,,,,,,,,,,,,,,,,,,,,,,,,,,,,,,,,,,,,,,,,,,,,,,,,,,,,,,,,,,1,0,0,1,57,1,1,4,2,0, , , ,  ,000,000,   ,   ,00,  ,  ,   ,   ,   ,  ,0,0,0
1793731  ,1,,,,,,00084,6 ,2 ,2018,7,04,08,0  ,0 ,09,0,   ,  , , , , ,                    ,42,13,10.5000000,-124,8 ,15.1700000,46,SISKYOU NF,NF1846         ,               ,    ,    ,0,10.48  ,  ,5,1, ,0,0,0,2 ,  ,0,01,8,9,4,1,1,3,000,1,2,079,010,035,01,  ,  ,0,0,0,0,1,0, ,6,  ,     ,3,07 ,                              ,                    ,0,1,0,3,0,3,6,0,0,0,0,0,0,0,0,0,0,0,6,6,0,1,5
1793731  ,2,3380857  ,,,1 ,,,,,,,,,,,,,,,,,,,,,,,,,,,,,,,,,,,,,,,,,,,,,,,,,,,,,,,,,,,,,,,,,,,,,,,,,,,,,,,,,,,,,,,,,,,,,,,,,1,0,01,0,0,1,1,5,007,00,  ,  ,079,010,035,0,0,0 ,1 ,5 ,6 ,1
1793731  ,3,3380857  ,3854716  ,1 ,01,1 ,,,,,,,,,,,,,,,,,,,,,,,,,,,,,,,,,,,,,,,,,,,,,,,,,,,,,,,,,,,,,,,,,,,,,,,,,,,,,,,,,,,,,,,,,,,,,,,,,,,,,,,,,,,,,,,,,,,,,,1,0,0,1,19,9,1,2,9, , , , ,  ,000,047,081,   ,01,  ,  ,   ,   ,   ,  ,0,0,0
1793731  ,3,3380857  ,3854717  ,2 ,01,2 ,,,,,,,,,,,,,,,,,,,,,,,,,,,,,,,,,,,,,,,,,,,,,,,,,,,,,,,,,,,,,,,,,,,,,,,,,,,,,,,,,,,,,,,,,,,,,,,,,,,,,,,,,,,,,,,,,,,,,,2,0,0,2,18, , ,2,0, , , , ,  ,000,000,   ,   ,00,  ,  ,   ,   ,   ,  ,9,9,0
1793731  ,3,3380857  ,3854718  ,3 ,01,3 ,,,,,,,,,,,,,,,,,,,,,,,,,,,,,,,,,,,,,,,,,,,,,,,,,,,,,,,,,,,,,,,,,,,,,,,,,,,,,,,,,,,,,,,,,,,,,,,,,,,,,,,,,,,,,,,,,,,,,,2,0,0,1,18, , ,4,9, , , , ,  ,000,000,   ,   ,00,  ,  ,   ,   ,   ,  , , ,0
1793731  ,3,3380857  ,3854719  ,4 ,01,4 ,,,,,,,,,,,,,,,,,,,,,,,,,,,,,,,,,,,,,,,,,,,,,,,,,,,,,,,,,,,,,,,,,,,,,,,,,,,,,,,,,,,,,,,,,,,,,,,,,,,,,,,,,,,,,,,,,,,,,,2,0,0,1,17, , ,4,9, , , , ,  ,000,000,   ,   ,00,  ,  ,   ,   ,   ,  , , ,0
1793731  ,3,3380857  ,3854720  ,5 ,01,5 ,,,,,,,,,,,,,,,,,,,,,,,,,,,,,,,,,,,,,,,,,,,,,,,,,,,,,,,,,,,,,,,,,,,,,,,,,,,,,,,,,,,,,,,,,,,,,,,,,,,,,,,,,,,,,,,,,,,,,,2,0,0,1,18, , ,2,9, , , , ,  ,000,000,   ,   ,00,  ,  ,   ,   ,   ,  , , ,0
1793731  ,3,3380857  ,3854721  ,6 ,01,6 ,,,,,,,,,,,,,,,,,,,,,,,,,,,,,,,,,,,,,,,,,,,,,,,,,,,,,,,,,,,,,,,,,,,,,,,,,,,,,,,,,,,,,,,,,,,,,,,,,,,,,,,,,,,,,,,,,,,,,,2,0,0,1,21, , ,4,9, , , , ,  ,000,000,   ,   ,00,  ,  ,   ,   ,   ,  , , ,0
1793732  ,1,,,,,,00086,6 ,7 ,2018,5,09,08,0  ,0 ,02,1,009,  ,1,0,0, ,000900100S00        ,42,18,29.0100000,-124,24,41.0300000,0 ,  ,               ,               ,    ,    ,5,336.94 ,55,1,1,3,0,0,0,0 ,0 , ,06,8,9,4,1,1,1,000,1,5,043,002,   ,10,  ,  , , ,0,0,0,0, ,5,US,101  ,3,07 ,293_5088                      ,                    ,0,1,0,0,0,2,2,0,0,0,0,0,0,0,0,0,0,0,2,2,2,0,0
1793732  ,2,3380858  ,,,1 ,,,,,,,,,,,,,,,,,,,,,,,,,,,,,,,,,,,,,,,,,,,,,,,,,,,,,,,,,,,,,,,,,,,,,,,,,,,,,,,,,,,,,,,,,,,,,,,,,1,0,01,0,0,1,5,1,000,00,  ,  ,043,   ,   ,0,0,2 ,0 ,0 ,2 ,1
1793732  ,3,3380858  ,3854722  ,1 ,01,1 ,,,,,,,,,,,,,,,,,,,,,,,,,,,,,,,,,,,,,,,,,,,,,,,,,,,,,,,,,,,,,,,,,,,,,,,,,,,,,,,,,,,,,,,,,,,,,,,,,,,,,,,,,,,,,,,,,,,,,,1,0,0,2,58,1,1,4,2,0, , , ,  ,000,081,   ,   ,10,  ,  ,002,   ,   ,  , , ,0
1793732  ,3,3380858  ,3854723  ,2 ,01,2 ,,,,,,,,,,,,,,,,,,,,,,,,,,,,,,,,,,,,,,,,,,,,,,,,,,,,,,,,,,,,,,,,,,,,,,,,,,,,,,,,,,,,,,,,,,,,,,,,,,,,,,,,,,,,,,,,,,,,,,2,0,0,1,24, , ,4,2,0, , , ,  ,000,000,   ,   ,00,  ,  ,   ,   ,   ,  , , ,0
1793735  ,1,,,,,,00088,6 ,8 ,2018,6,10,08,0  ,11,17,0,   ,  , , , , ,                    ,42,3 ,14.7000000,-124,16,2.8800000,0 ,  ,00808          ,               ,    ,    ,9,0.02   ,  ,1,0,3,0,0,0,0 ,0 , ,01,B,6,4,1,0,1,004,1,5,   ,   ,   ,02,  ,  , , ,0,0,0,0, ,9,  ,     ,3,07 ,42_8001209                    ,                    ,0,2,0,0,0,1,1,0,1,0,0,0,0,0,0,0,0,0,2,2,0,0,2
1793735  ,2,3380863  ,,,1 ,,,,,,,,,,,,,,,,,,,,,,,,,,,,,,,,,,,,,,,,,,,,,,,,,,,,,,,,,,,,,,,,,,,,,,,,,,,,,,,,,,,,,,,,,,,,,,,,,9,0,01,0,0,1,3,7,000,00,  ,  ,   ,   ,   ,0,0,0 ,0 ,1 ,1 ,1
1793735  ,3,3380863  ,3854727  ,1 ,01,1 ,,,,,,,,,,,,,,,,,,,,,,,,,,,,,,,,,,,,,,,,,,,,,,,,,,,,,,,,,,,,,,,,,,,,,,,,,,,,,,,,,,,,,,,,,,,,,,,,,,,,,,,,,,,,,,,,,,,,,,1,0,0,9,00,9,9,9,9, , , , ,  ,000,000,   ,   ,00,  ,  ,   ,   ,   ,  , , ,0
1793735  ,2,3380864  ,,,2 ,,,,,,,,,,,,,,,,,,,,,,,,,,,,,,,,,,,,,,,,,,,,,,,,,,,,,,,,,,,,,,,,,,,,,,,,,,,,,,,,,,,,,,,,,,,,,,,,,1,0,01,0,0,3,1,3,000,00,  ,  ,   ,   ,   ,0,0,0 ,0 ,1 ,1 ,0
1793735  ,3,3380864  ,3854728  ,2 ,02,1 ,,,,,,,,,,,,,,,,,,,,,,,,,,,,,,,,,,,,,,,,,,,,,,,,,,,,,,,,,,,,,,,,,,,,,,,,,,,,,,,,,,,,,,,,,,,,,,,,,,,,,,,,,,,,,,,,,,,,,,1,0,0,2,68,2,4,4,9, , , , ,  ,000,028,   ,   ,02,  ,  ,   ,   ,   ,  , , ,0
1793736  ,1,,,,,,00093,6 ,26,2018,3,18,08,0  ,0 ,09,0,   ,  , , , , ,                    ,42,27,28.7400000,-124,11,26.5900000,0 ,  ,00605          ,               ,    ,    ,0,999.99 ,  ,0,1, ,0,0,0,2 ,  ,0,03,8,9,4,1,1,1,099,1,0,062,010,   ,10,  ,  , , ,0,0,0,0, ,6,  ,     ,3,07 ,                              ,                    ,1,1,0,0,0,1,1,0,0,0,0,0,0,0,0,0,0,0,1,1,1,0,0
1793736  ,2,3380865  ,,,1 ,,,,,,,,,,,,,,,,,,,,,,,,,,,,,,,,,,,,,,,,,,,,,,,,,,,,,,,,,,,,,,,,,,,,,,,,,,,,,,,,,,,,,,,,,,,,,,,,,1,0,01,0,0,1,3,7,000,00,  ,  ,062,010,   ,0,0,1 ,0 ,0 ,1 ,1
1793736  ,3,3380865  ,3854729  ,1 ,01,1 ,,,,,,,,,,,,,,,,,,,,,,,,,,,,,,,,,,,,,,,,,,,,,,,,,,,,,,,,,,,,,,,,,,,,,,,,,,,,,,,,,,,,,,,,,,,,,,,,,,,,,,,,,,,,,,,,,,,,,,1,0,0,1,42,1,1,4,2,0, , , ,  ,000,081,   ,   ,10,  ,  ,   ,   ,   ,  , , ,0
1793737  ,1,,,,,,00096,6 ,20,2018,4,09,08,22 ,11,14,1,009,  ,1,0,0, ,000900100S00        ,42,3 ,30.5400000,-124,17,55.0000000,0 ,  ,00403          ,00702          ,1   ,    ,9,356.30 ,35,1,0,3,0,0,0,0 ,0 , ,02,B,6,4,1,1,1,004,1,3,   ,   ,   ,02,  ,  , , ,0,0,0,0, ,4,US,101  ,3,07 ,293_11984                     ,                    ,0,2,0,0,0,1,1,0,4,0,0,0,0,0,0,0,0,0,5,5,5,0,0
1793737  ,2,3380866  ,,,1 ,,,,,,,,,,,,,,,,,,,,,,,,,,,,,,,,,,,,,,,,,,,,,,,,,,,,,,,,,,,,,,,,,,,,,,,,,,,,,,,,,,,,,,,,,,,,,,,,,1,0,01,0,0,3,3,4,000,00,  ,  ,   ,   ,   ,0,0,1 ,0 ,0 ,1 ,1
1793737  ,3,3380866  ,3854730  ,1 ,01,1 ,,,,,,,,,,,,,,,,,,,,,,,,,,,,,,,,,,,,,,,,,,,,,,,,,,,,,,,,,,,,,,,,,,,,,,,,,,,,,,,,,,,,,,,,,,,,,,,,,,,,,,,,,,,,,,,,,,,,,,1,0,0,1,65,1,1,9,2,0, , , ,  ,000,028,   ,   ,02,  ,  ,   ,   ,   ,  ,0,0,0
1793737  ,2,3380867  ,,,2 ,,,,,,,,,,,,,,,,,,,,,,,,,,,,,,,,,,,,,,,,,,,,,,,,,,,,,,,,,,,,,,,,,,,,,,,,,,,,,,,,,,,,,,,,,,,,,,,,,1,0,01,0,0,1,4,8,000,00,  ,  ,   ,   ,   ,0,0,4 ,0 ,0 ,4 ,0
1793737  ,3,3380867  ,3854731  ,2 ,02,1 ,,,,,,,,,,,,,,,,,,,,,,,,,,,,,,,,,,,,,,,,,,,,,,,,,,,,,,,,,,,,,,,,,,,,,,,,,,,,,,,,,,,,,,,,,,,,,,,,,,,,,,,,,,,,,,,,,,,,,,1,0,0,1,51,2,4,9,2,0, , , ,  ,000,000,   ,   ,00,  ,  ,   ,   ,   ,  ,0,0,0
1793737  ,3,3380867  ,3854732  ,3 ,02,2 ,,,,,,,,,,,,,,,,,,,,,,,,,,,,,,,,,,,,,,,,,,,,,,,,,,,,,,,,,,,,,,,,,,,,,,,,,,,,,,,,,,,,,,,,,,,,,,,,,,,,,,,,,,,,,,,,,,,,,,2,0,0,2,18, , ,4,2,0, , , ,  ,000,000,   ,   ,00,  ,  ,   ,   ,   ,  , , ,0
1795095  ,1,,,,,,00098,7 ,11,2018,4,13,08,0  ,0 ,02,1,009,  ,1,0,0, ,000900100S00        ,42,14,15.0300000,-124,23,31.8700000,0 ,  ,               ,               ,    ,    ,0,342.00 ,55,7,1, ,0,0,0,3 ,  ,0,07,8,9,4,1,1,1,099,1,1,060,079,128,27,  ,  ,0,0,0,0,0,0, ,5,US,101  ,3,07 ,293_5110                      ,                    ,0,1,0,0,0,1,1,0,2,0,0,0,0,0,0,0,0,0,3,3,1,2,0
1795095  ,2,3383475  ,,,1 ,,,,,,,,,,,,,,,,,,,,,,,,,,,,,,,,,,,,,,,,,,,,,,,,,,,,,,,,,,,,,,,,,,,,,,,,,,,,,,,,,,,,,,,,,,,,,,,,,1,0,11,0,0,1,5,1,000,00,  ,  ,060,079,128,0,0,1 ,2 ,0 ,3 ,1
1795095  ,3,3383475  ,3857996  ,1 ,01,1 ,,,,,,,,,,,,,,,,,,,,,,,,,,,,,,,,,,,,,,,,,,,,,,,,,,,,,,,,,,,,,,,,,,,,,,,,,,,,,,,,,,,,,,,,,,,,,,,,,,,,,,,,,,,,,,,,,,,,,,1,0,0,1,64,2,4,9,2,0, , , ,  ,038,016,081,   ,27,  ,  ,   ,   ,   ,86,0,0,0
1795095  ,3,3383475  ,3857997  ,2 ,01,2 ,,,,,,,,,,,,,,,,,,,,,,,,,,,,,,,,,,,,,,,,,,,,,,,,,,,,,,,,,,,,,,,,,,,,,,,,,,,,,,,,,,,,,,,,,,,,,,,,,,,,,,,,,,,,,,,,,,,,,,2,0,0,2,67, , ,4,0,0, , , ,  ,000,000,   ,   ,00,  ,  ,   ,   ,   ,  ,0,0,0
1795099  ,1,,,,,,00099,7 ,17,2018,3,09,08,0  ,11,14,1,009,  ,1,0,0, ,000900100S00        ,42,2 ,32.6800000,-124,15,0.9400000,0 ,  ,               ,               ,    ,    ,9,359.32 ,45,1,0,1,0,0,0,0 ,2 , ,02,H,6,4,1,1,1,001,1,1,   ,   ,   ,02,  ,  ,0,0,0,0,0,0, ,8,US,101  ,3,07 ,293_18557                     ,                    ,0,2,0,0,1,1,2,0,0,0,0,0,0,0,0,0,0,0,2,2,2,0,0
1795099  ,2,3383481  ,,,1 ,,,,,,,,,,,,,,,,,,,,,,,,,,,,,,,,,,,,,,,,,,,,,,,,,,,,,,,,,,,,,,,,,,,,,,,,,,,,,,,,,,,,,,,,,,,,,,,,,1,0,01,0,0,3,7,1,000,00,  ,  ,   ,   ,   ,0,0,1 ,0 ,0 ,1 ,1
1795099  ,3,3383481  ,3858004  ,1 ,01,1 ,,,,,,,,,,,,,,,,,,,,,,,,,,,,,,,,,,,,,,,,,,,,,,,,,,,,,,,,,,,,,,,,,,,,,,,,,,,,,,,,,,,,,,,,,,,,,,,,,,,,,,,,,,,,,,,,,,,,,,1,0,0,2,61,1,1,3,2, , , , ,  ,000,028,004,   ,02,  ,  ,   ,   ,   ,86,0,0,0
1795099  ,2,3383482  ,,,2 ,,,,,,,,,,,,,,,,,,,,,,,,,,,,,,,,,,,,,,,,,,,,,,,,,,,,,,,,,,,,,,,,,,,,,,,,,,,,,,,,,,,,,,,,,,,,,,,,,1,0,01,0,0,1,3,7,000,00,  ,  ,   ,   ,   ,0,0,1 ,0 ,0 ,1 ,0
1795099  ,3,3383482  ,3858005  ,2 ,02,1 ,,,,,,,,,,,,,,,,,,,,,,,,,,,,,,,,,,,,,,,,,,,,,,,,,,,,,,,,,,,,,,,,,,,,,,,,,,,,,,,,,,,,,,,,,,,,,,,,,,,,,,,,,,,,,,,,,,,,,,1,0,0,1,45,1,1,4,2, , , , ,  ,000,000,   ,   ,00,  ,  ,   ,   ,   ,86,0,0,0
1795101  ,1,,,,,,00103,7 ,19,2018,5,16,08,0  ,0 ,09,0,009,  ,1,3,0, ,0009BP100S00        ,42,41,22.8000000,-124,25,54.3300000,0 ,  ,               ,               ,    ,    ,0,307.17 ,15,5,1, ,0,0,0,2 ,  ,0,06,8,9,4,1,1,1,000,1,1,072,   ,   ,27,  ,  ,0,0,0,0,0,0, ,5,US,101  ,3,07 ,293_9710                      ,                    ,0,1,0,0,0,1,1,0,0,0,0,0,0,0,0,0,0,0,1,1,1,0,0
1795101  ,2,3383485  ,,,1 ,,,,,,,,,,,,,,,,,,,,,,,,,,,,,,,,,,,,,,,,,,,,,,,,,,,,,,,,,,,,,,,,,,,,,,,,,,,,,,,,,,,,,,,,,,,,,,,,,1,0,01,0,0,1,5,1,000,00,  ,  ,072,   ,   ,0,0,1 ,0 ,0 ,1 ,1
1795101  ,3,3383485  ,3858008  ,1 ,01,1 ,,,,,,,,,,,,,,,,,,,,,,,,,,,,,,,,,,,,,,,,,,,,,,,,,,,,,,,,,,,,,,,,,,,,,,,,,,,,,,,,,,,,,,,,,,,,,,,,,,,,,,,,,,,,,,,,,,,,,,1,0,0,2,59,1,2,4,2,1, , , ,  ,038,016,081,   ,27,  ,  ,   ,   ,   ,86,0,0,0
1795103  ,1,,,,,,00107,7 ,22,2018,1,14,08,0  ,11,14,1,009,  ,1,0,0, ,000900100S00        ,42,1 ,31.1500000,-124,13,46.8000000,0 ,  ,               ,               ,    ,    ,5,360.91 ,55,1,0,3,0,0,0,0 ,0 , ,05,C,3,4,1,1,1,004,1,1,   ,   ,   ,07,  ,  , , ,0,0,0,0, ,8,US,101  ,3,07 ,293_20335                     ,                    ,0,2,0,0,0,1,1,0,2,0,0,0,0,0,0,0,0,0,3,3,3,0,0
1795103  ,2,3383488  ,,,1 ,,,,,,,,,,,,,,,,,,,,,,,,,,,,,,,,,,,,,,,,,,,,,,,,,,,,,,,,,,,,,,,,,,,,,,,,,,,,,,,,,,,,,,,,,,,,,,,,,1,0,01,0,0,1,1,5,000,00,  ,  ,   ,   ,   ,0,0,2 ,0 ,0 ,2 ,1
1795103  ,3,3383488  ,3858011  ,1 ,01,1 ,,,,,,,,,,,,,,,,,,,,,,,,,,,,,,,,,,,,,,,,,,,,,,,,,,,,,,,,,,,,,,,,,,,,,,,,,,,,,,,,,,,,,,,,,,,,,,,,,,,,,,,,,,,,,,,,,,,,,,1,0,0,1,84,1,1,9,2,0, , , ,  ,000,043,   ,   ,07,  ,  ,   ,   ,   ,  ,0,0,0
1795103  ,2,3383489  ,,,2 ,,,,,,,,,,,,,,,,,,,,,,,,,,,,,,,,,,,,,,,,,,,,,,,,,,,,,,,,,,,,,,,,,,,,,,,,,,,,,,,,,,,,,,,,,,,,,,,,,1,0,01,0,0,1,1,5,000,00,  ,  ,   ,   ,   ,0,0,1 ,0 ,0 ,1 ,0
1795103  ,3,3383489  ,3858012  ,2 ,02,1 ,,,,,,,,,,,,,,,,,,,,,,,,,,,,,,,,,,,,,,,,,,,,,,,,,,,,,,,,,,,,,,,,,,,,,,,,,,,,,,,,,,,,,,,,,,,,,,,,,,,,,,,,,,,,,,,,,,,,,,1,0,0,1,68,1,1,4,2,0, , , ,  ,000,000,   ,   ,00,  ,  ,   ,   ,   ,  ,0,0,0
1795108  ,1,,,,,,00112,7 ,14,2018,7,12,08,0  ,0 ,09,0,   ,  , , , , ,                    ,42,26,49.2400000,-124,18,7.5500000,0 ,  ,03047          ,               ,    ,    ,0,5.00   ,  ,3,0, ,0,0,0,2 ,  ,0,05,G,4,4,1,1,1,099,1,2,   ,   ,   ,05,  ,  , , ,0,0,0,0, ,6,  ,     ,3,07 ,42_8004710                    ,                    ,0,2,0,0,1,0,1,0,3,0,0,0,0,0,0,0,0,0,4,4,2,0,2
1795108  ,2,3383498  ,,,1 ,,,,,,,,,,,,,,,,,,,,,,,,,,,,,,,,,,,,,,,,,,,,,,,,,,,,,,,,,,,,,,,,,,,,,,,,,,,,,,,,,,,,,,,,,,,,,,,,,1,0,01,0,0,1,3,7,000,00,  ,  ,   ,   ,   ,0,0,2 ,0 ,0 ,2 ,1
1795108  ,3,3383498  ,3858023  ,1 ,01,1 ,,,,,,,,,,,,,,,,,,,,,,,,,,,,,,,,,,,,,,,,,,,,,,,,,,,,,,,,,,,,,,,,,,,,,,,,,,,,,,,,,,,,,,,,,,,,,,,,,,,,,,,,,,,,,,,,,,,,,,1,0,0,1,43,2,4,3,2,0, , , ,  ,000,044,   ,   ,05,  ,  ,   ,   ,   ,  , , ,0
1795108  ,2,3383499  ,,,2 ,,,,,,,,,,,,,,,,,,,,,,,,,,,,,,,,,,,,,,,,,,,,,,,,,,,,,,,,,,,,,,,,,,,,,,,,,,,,,,,,,,,,,,,,,,,,,,,,,1,0,13,0,0,1,7,3,000,00,  ,  ,   ,   ,   ,0,0,0 ,0 ,2 ,2 ,0
1795108  ,3,3383499  ,3858024  ,2 ,02,1 ,,,,,,,,,,,,,,,,,,,,,,,,,,,,,,,,,,,,,,,,,,,,,,,,,,,,,,,,,,,,,,,,,,,,,,,,,,,,,,,,,,,,,,,,,,,,,,,,,,,,,,,,,,,,,,,,,,,,,,1,0,0,1,27,1,1,9,9, , , , ,  ,000,000,   ,   ,00,  ,  ,   ,   ,   ,  , , ,0
1795110  ,1,,,,,,00113,7 ,28,2018,7,23,08,0  ,11,14,1,009,  ,1,0,0, ,000900100S00        ,42,3 ,9.5500000,-124,15,45.3100000,0 ,  ,               ,               ,    ,    ,0,358.35 ,45,3,0, ,0,0,0,4 ,  ,0,06,3,0,4,2,2,3,099,1,1,   ,   ,   ,02,18,  ,0,0,1,0,0,0, ,8,US,101  ,3,07 ,293_11987                     ,                    ,0,1,0,1,0,0,1,0,1,1,0,1,0,0,0,0,0,0,1,2,1,0,0
1795110  ,2,3383502  ,,,1 ,,,,,,,,,,,,,,,,,,,,,,,,,,,,,,,,,,,,,,,,,,,,,,,,,,,,,,,,,,,,,,,,,,,,,,,,,,,,,,,,,,,,,,,,,,,,,,,,,1,0,01,0,0,1,5,1,000,00,  ,  ,   ,   ,   ,0,0,1 ,0 ,0 ,1 ,1
1795110  ,3,3383502  ,3858027  ,1 ,01,1 ,,,,,,,,,,,,,,,,,,,,,,,,,,,,,,,,,,,,,,,,,,,,,,,,,,,,,,,,,,,,,,,,,,,,,,,,,,,,,,,,,,,,,,,,,,,,,,,,,,,,,,,,,,,,,,,,,,,,,,1,0,0,1,36,1,2,9,2, , , , ,  ,000,000,   ,   ,00,  ,  ,   ,   ,   ,87,0,0,0
1795110  ,3,0        ,3858028  ,2 ,  ,1 ,,,,,,,,,,,,,,,,,,,,,,,,,,,,,,,,,,,,,,,,,,,,,,,,,,,,,,,,,,,,,,,,,,,,,,,,,,,,,,,,,,,,,,,,,,,,,,,,,,,,,,,,,,,,,,,,,,,,,,3,0,0,1,35, , ,2, , ,1,0,0,04,037,057,028,   ,02,18,  ,   ,   ,   ,87,1, ,0
1795113  ,1,,,,,,00115,7 ,30,2018,2,15,08,0  ,0 ,02,1,009,  ,1,0,0, ,000900100S00        ,42,16,13.9200000,-124,24,7.9900000,0 ,  ,               ,               ,    ,    ,0,339.58 ,55,3,1, ,0,0,0,2 ,  ,0,06,8,9,4,1,1,1,099,1,1,079,010,   ,17,  ,  ,0,0,0,0,0,0, ,5,US,101  ,3,07 ,293_9670                      ,                    ,0,1,0,0,0,1,1,0,0,0,0,0,0,0,0,0,0,0,1,1,1,0,0
1795113  ,2,3383506  ,,,1 ,,,,,,,,,,,,,,,,,,,,,,,,,,,,,,,,,,,,,,,,,,,,,,,,,,,,,,,,,,,,,,,,,,,,,,,,,,,,,,,,,,,,,,,,,,,,,,,,,1,0,01,0,0,1,5,1,000,00,  ,  ,079,010,   ,0,0,1 ,0 ,0 ,1 ,1
1795113  ,3,3383506  ,3858033  ,1 ,01,1 ,,,,,,,,,,,,,,,,,,,,,,,,,,,,,,,,,,,,,,,,,,,,,,,,,,,,,,,,,,,,,,,,,,,,,,,,,,,,,,,,,,,,,,,,,,,,,,,,,,,,,,,,,,,,,,,,,,,,,,1,0,0,2,80,1,2,4,2,1, , , ,  ,028,081,   ,   ,17,  ,  ,   ,   ,   ,  ,0,0,0
1795114  ,1,,,,,,00116,8 ,2 ,2018,5,11,08,0  ,0 ,02,1,009,  ,1,0,0, ,000900100S00        ,42,52,14.0800000,-124,28,4.4400000,0 ,  ,               ,               ,    ,    ,0,291.84 ,55,7,1, ,0,0,0,2 ,  ,0,01,8,9,4,1,1,1,099,1,1,079,128,   ,05,  ,  ,0,0,0,0,0,0, ,5,US,101  ,3,07 ,293_11915                     ,                    ,0,2,0,0,0,2,2,0,1,0,0,0,0,0,0,0,0,0,3,3,3,0,0
1795114  ,2,3383507  ,,,1 ,,,,,,,,,,,,,,,,,,,,,,,,,,,,,,,,,,,,,,,,,,,,,,,,,,,,,,,,,,,,,,,,,,,,,,,,,,,,,,,,,,,,,,,,,,,,,,,,,1,0,01,0,0,1,1,5,000,00,  ,  ,079,128,   ,0,0,1 ,0 ,0 ,1 ,1
1795114  ,3,3383507  ,3858034  ,1 ,01,1 ,,,,,,,,,,,,,,,,,,,,,,,,,,,,,,,,,,,,,,,,,,,,,,,,,,,,,,,,,,,,,,,,,,,,,,,,,,,,,,,,,,,,,,,,,,,,,,,,,,,,,,,,,,,,,,,,,,,,,,1,0,0,1,34,1,2,4,2,0, , , ,  ,017,080,   ,   ,05,  ,  ,   ,   ,   ,86,0,0,0
1795114  ,2,3383508  ,,,2 ,,,,,,,,,,,,,,,,,,,,,,,,,,,,,,,,,,,,,,,,,,,,,,,,,,,,,,,,,,,,,,,,,,,,,,,,,,,,,,,,,,,,,,,,,,,,,,,,,1,0,01,0,0,1,5,1,022,00,  ,  ,128,   ,   ,0,0,2 ,0 ,0 ,2 ,0
1795114  ,3,3383508  ,3858035  ,2 ,02,1 ,,,,,,,,,,,,,,,,,,,,,,,,,,,,,,,,,,,,,,,,,,,,,,,,,,,,,,,,,,,,,,,,,,,,,,,,,,,,,,,,,,,,,,,,,,,,,,,,,,,,,,,,,,,,,,,,,,,,,,1,0,0,1,55,2,4,9,2,0, , , ,  ,000,000,   ,   ,00,  ,  ,   ,   ,   ,86,0,0,0
1795114  ,3,3383508  ,3858036  ,3 ,02,2 ,,,,,,,,,,,,,,,,,,,,,,,,,,,,,,,,,,,,,,,,,,,,,,,,,,,,,,,,,,,,,,,,,,,,,,,,,,,,,,,,,,,,,,,,,,,,,,,,,,,,,,,,,,,,,,,,,,,,,,2,0,0,1,21, , ,4,2,0, , , ,  ,000,000,   ,   ,00,  ,  ,   ,   ,   ,  ,0,0,0
1795116  ,1,,,,,,00117,8 ,3 ,2018,6,11,08,22 ,11,14,1,009,  ,1,0,0, ,000900100S00        ,42,6 ,0.2400000,-124,20,25.8600000,0 ,  ,01803          ,00127          ,1   ,    ,1,352.66 ,55,2,0, ,0,0,0,2 ,  ,0,04,B,6,4,1,1,1,099,1,1,   ,   ,   ,02,  ,  ,0,0,0,0,0,0, ,4,US,101  ,3,07 ,293_17283                     ,                    ,0,2,0,0,0,1,1,0,3,0,0,0,0,0,0,0,0,0,4,4,4,0,0
1795116  ,2,3383511  ,,,1 ,,,,,,,,,,,,,,,,,,,,,,,,,,,,,,,,,,,,,,,,,,,,,,,,,,,,,,,,,,,,,,,,,,,,,,,,,,,,,,,,,,,,,,,,,,,,,,,,,1,0,01,0,0,3,7,1,018,00,  ,  ,   ,   ,   ,0,0,2 ,0 ,0 ,2 ,1
1795116  ,3,3383511  ,3858039  ,1 ,01,1 ,,,,,,,,,,,,,,,,,,,,,,,,,,,,,,,,,,,,,,,,,,,,,,,,,,,,,,,,,,,,,,,,,,,,,,,,,,,,,,,,,,,,,,,,,,,,,,,,,,,,,,,,,,,,,,,,,,,,,,1,0,0,2,37,2,4,9,2,0, , , ,  ,000,028,   ,   ,02,  ,  ,   ,   ,   ,86,0,0,0
1795116  ,2,3383512  ,,,2 ,,,,,,,,,,,,,,,,,,,,,,,,,,,,,,,,,,,,,,,,,,,,,,,,,,,,,,,,,,,,,,,,,,,,,,,,,,,,,,,,,,,,,,,,,,,,,,,,,1,0,01,0,0,3,5,7,019,00,  ,  ,   ,   ,   ,0,0,2 ,0 ,0 ,2 ,0
1795116  ,3,3383512  ,3858040  ,2 ,02,1 ,,,,,,,,,,,,,,,,,,,,,,,,,,,,,,,,,,,,,,,,,,,,,,,,,,,,,,,,,,,,,,,,,,,,,,,,,,,,,,,,,,,,,,,,,,,,,,,,,,,,,,,,,,,,,,,,,,,,,,1,0,0,1,19,1,1,4,2,0, , , ,  ,000,000,   ,   ,00,  ,  ,   ,   ,   ,86,0,0,0
1795120  ,1,,,,,,00120,8 ,5 ,2018,1,13,08,0  ,0 ,02,1,009,  ,1,0,0, ,000900100S00        ,42,30,33.9500000,-124,24,36.4200000,0 ,  ,               ,               ,    ,    ,9,320.95 ,55,1,0,1,0,0,0,0 ,4 , ,04,B,1,4,1,1,1,004,1,1,   ,   ,   ,27,02,  ,0,0,0,0,0,0, ,5,US,101  ,3,07 ,293_25763                     ,                    ,0,2,0,1,1,0,2,0,0,0,0,0,0,0,0,0,0,0,2,2,2,0,0
1795120  ,2,3383519  ,,,1 ,,,,,,,,,,,,,,,,,,,,,,,,,,,,,,,,,,,,,,,,,,,,,,,,,,,,,,,,,,,,,,,,,,,,,,,,,,,,,,,,,,,,,,,,,,,,,,,,,1,0,01,0,0,1,7,3,000,00,  ,  ,   ,   ,   ,0,0,1 ,0 ,0 ,1 ,1
1795120  ,3,3383519  ,3858047  ,1 ,01,1 ,,,,,,,,,,,,,,,,,,,,,,,,,,,,,,,,,,,,,,,,,,,,,,,,,,,,,,,,,,,,,,,,,,,,,,,,,,,,,,,,,,,,,,,,,,,,,,,,,,,,,,,,,,,,,,,,,,,,,,1,0,0,2,63,2,2,2,2,1, , , ,  ,038,016,028,   ,27,02,  ,   ,   ,   ,86,9,9,0
1795120  ,2,3383520  ,,,2 ,,,,,,,,,,,,,,,,,,,,,,,,,,,,,,,,,,,,,,,,,,,,,,,,,,,,,,,,,,,,,,,,,,,,,,,,,,,,,,,,,,,,,,,,,,,,,,,,,1,0,01,0,0,1,5,1,000,00,  ,  ,   ,   ,   ,0,0,1 ,0 ,0 ,1 ,0
1795120  ,3,3383520  ,3858048  ,2 ,02,1 ,,,,,,,,,,,,,,,,,,,,,,,,,,,,,,,,,,,,,,,,,,,,,,,,,,,,,,,,,,,,,,,,,,,,,,,,,,,,,,,,,,,,,,,,,,,,,,,,,,,,,,,,,,,,,,,,,,,,,,1,0,0,1,78,1,1,3,2,1, , , ,  ,000,000,   ,   ,00,  ,  ,   ,   ,   ,  ,0,0,0
1795122  ,1,,,,,,00121,8 ,10,2018,6,15,08,22 ,11,14,1,009,  ,1,0,0, ,000900100S00        ,42,3 ,13.1000000,-124,16,40.5100000,0 ,  ,00403          ,01801          ,1   ,    ,2,357.51 ,25,3,0, ,0,0,0,4 ,  ,0,06,E,3,4,1,1,1,099,1,3,   ,   ,   ,07,  ,  ,0,0,0,0,0,0, ,4,US,101  ,3,07 ,293_20428                     ,                    ,0,2,0,0,0,1,1,0,2,0,0,0,0,0,0,0,0,0,3,3,3,0,0
1795122  ,2,3383524  ,,,1 ,,,,,,,,,,,,,,,,,,,,,,,,,,,,,,,,,,,,,,,,,,,,,,,,,,,,,,,,,,,,,,,,,,,,,,,,,,,,,,,,,,,,,,,,,,,,,,,,,1,0,01,0,0,1,2,6,000,00,  ,  ,   ,   ,   ,0,0,1 ,0 ,0 ,1 ,1
1795122  ,3,3383524  ,3858052  ,1 ,01,1 ,,,,,,,,,,,,,,,,,,,,,,,,,,,,,,,,,,,,,,,,,,,,,,,,,,,,,,,,,,,,,,,,,,,,,,,,,,,,,,,,,,,,,,,,,,,,,,,,,,,,,,,,,,,,,,,,,,,,,,1,0,0,1,55,2,1,9,2,0, , , ,  ,000,043,   ,   ,07,  ,  ,   ,   ,   ,  ,0,0,0
1795122  ,2,3383525  ,,,2 ,,,,,,,,,,,,,,,,,,,,,,,,,,,,,,,,,,,,,,,,,,,,,,,,,,,,,,,,,,,,,,,,,,,,,,,,,,,,,,,,,,,,,,,,,,,,,,,,,1,0,01,0,0,6,2,6,011,00,  ,  ,   ,   ,   ,0,0,2 ,0 ,0 ,2 ,0
1795122  ,3,3383525  ,3858053  ,2 ,02,1 ,,,,,,,,,,,,,,,,,,,,,,,,,,,,,,,,,,,,,,,,,,,,,,,,,,,,,,,,,,,,,,,,,,,,,,,,,,,,,,,,,,,,,,,,,,,,,,,,,,,,,,,,,,,,,,,,,,,,,,1,0,0,1,26,2,4,9,2,0, , , ,  ,000,000,   ,   ,00,  ,  ,   ,   ,   ,  ,0,0,0
1795122  ,3,3383525  ,3858054  ,3 ,02,2 ,,,,,,,,,,,,,,,,,,,,,,,,,,,,,,,,,,,,,,,,,,,,,,,,,,,,,,,,,,,,,,,,,,,,,,,,,,,,,,,,,,,,,,,,,,,,,,,,,,,,,,,,,,,,,,,,,,,,,,2,0,0,2,56, , ,4,2,0, , , ,  ,000,000,   ,   ,00,  ,  ,   ,   ,   ,  ,0,0,0
1795124  ,1,,,,,,00124,8 ,17,2018,6,09,08,0  ,0 ,08,0,   ,  , , , , ,                    ,42,5 ,35.7000000,-124,12,18.6100000,0 ,  ,00800          ,               ,    ,95  ,0,0.95   ,  ,7,1, ,0,0,0,2 ,  ,0,01,8,9,4,1,1,1,000,1,2,062,128,   ,22,  ,  ,0,0,0,0,0,0, ,6,  ,     ,3,07 ,42_8004991                    ,                    ,0,1,0,0,1,0,1,0,0,0,0,0,0,0,0,0,0,0,1,1,1,0,0
1795124  ,2,3383528  ,,,1 ,,,,,,,,,,,,,,,,,,,,,,,,,,,,,,,,,,,,,,,,,,,,,,,,,,,,,,,,,,,,,,,,,,,,,,,,,,,,,,,,,,,,,,,,,,,,,,,,,1,0,04,0,1,1,1,5,000,22,  ,  ,062,128,   ,0,0,1 ,0 ,0 ,1 ,1
1795124  ,3,3383528  ,3858058  ,1 ,01,1 ,,,,,,,,,,,,,,,,,,,,,,,,,,,,,,,,,,,,,,,,,,,,,,,,,,,,,,,,,,,,,,,,,,,,,,,,,,,,,,,,,,,,,,,,,,,,,,,,,,,,,,,,,,,,,,,,,,,,,,1,0,0,1,45,1,1,3,2, , , , ,  ,000,081,   ,   ,00,  ,  ,   ,   ,   ,  ,0,0,0
